100,2012,308,1000,13.84,2,29.2,212.4,.8,27.04,10.3,2,29.2,1.3,1.5,28.3,8.3,2,29.2,123.2,1.6,28.48,-7.8,1.6,28.48,3.3,.8,27.04,4.6,-6999,-6999,0,-6999,-6999,0
100,2012,308,1100,13.85,2.269,35.79,212.4,1.005,33.51,10.3,2.463,36.14,1.2,2.005,35.31,7.9,2.375,35.98,132.9,2.181,35.63,-6.8,2.042,35.38,3.2,1.074,33.64,4.4,-6999,-6999,0,-6999,-6999,0
100,2012,308,1200,13.86,2.496,36.49,213.3,.996,33.79,10.6,2.496,36.49,1.2,2,35.6,7.7,2.496,36.49,133.3,2.496,36.49,-7.1,2.492,36.48,3.2,1.492,34.68,4.8,-6999,-6999,0,-6999,-6999,0
100,2012,308,1300,13.9,2,35.6,212.5,.504,32.91,10.7,2,35.6,1.4,2,35.6,7.7,2,35.6,133,2,35.6,-6.8,1.504,34.71,3,.5,32.9,4.8,-6999,-6999,0,-6999,-6999,0
100,2012,308,1400,13.92,2.021,35.64,212.3,1.012,33.82,10.7,2.017,35.63,1.1,2.017,35.63,7.6,2.017,35.63,3.3,2.017,35.63,-9.4,2.017,35.63,3.2,.521,32.94,4.2,-6999,-6999,0,-6999,-6999,0
100,2012,308,1500,13.88,4.5,40.1,212.8,2.504,36.51,10.6,4.004,39.21,1,4.004,39.21,180.7,4.004,39.21,3.2,4.004,39.21,-9,4.004,39.21,3.2,3.004,37.41,6,-6999,-6999,0,-6999,-6999,0
100,2012,308,1600,13.88,4.492,40.09,212.9,2.992,37.38,10.4,4.492,40.09,.2,4.487,40.08,8.3,4.492,40.09,122.9,4.487,40.08,-7.2,4.492,40.09,2.9,3.487,38.28,4.6,-6999,-6999,0,-6999,-6999,0
100,2012,308,1700,13.88,3.492,38.29,211.4,1.992,35.59,10.7,3.487,38.28,.9,2.992,37.38,8.6,3.487,38.28,3.6,2.992,37.38,-9.1,3.487,38.28,3,1.987,35.58,4.8,-6999,-6999,0,-6999,-6999,0
100,2012,308,1800,13.9,2.479,36.46,11.4,.979,33.76,10.8,1.983,35.57,.7,1.983,35.57,8.7,1.983,35.57,3.7,1.983,35.57,-8.3,1.983,35.57,3,.483,32.87,5.6,-6999,-6999,0,-6999,-6999,0
100,2012,308,1900,13.92,.008,32.01,10.9,-1.496,29.31,10.6,.004,32.01,.7,.004,32.01,8.3,.004,32.01,3.5,.004,32.01,-8.3,.004,32.01,3.3,-1.492,29.32,5.2,-6999,-6999,0,-6999,-6999,0
100,2012,308,2000,13.95,.996,33.79,11.2,-1,30.2,10.8,.496,32.89,.6,.496,32.89,8.8,.496,32.89,3.7,.5,32.9,-8,.5,32.9,3.1,-.504,31.09,5.4,-6999,-6999,0,-6999,-6999,0
100,2012,308,2100,13.96,.504,32.91,10.9,-.996,30.21,10.6,.008,32.01,.6,.008,32.01,9.1,.008,32.01,3.4,.504,32.91,-8.2,.508,32.91,3.2,-.992,30.21,5,-6999,-6999,0,-6999,-6999,0
100,2012,308,2200,13.97,1,33.8,211.8,-.504,31.09,10.6,1,33.8,.6,.996,33.79,8.8,1,33.8,3.4,1,33.8,-8.5,1.492,34.68,3.1,-.004,31.99,5.2,-6999,-6999,0,-6999,-6999,0
100,2012,308,2300,13.96,1,33.8,213.8,-.996,30.21,11.4,1,33.8,1.8,.504,32.91,9.6,1,33.8,123,1,33.8,-7.9,.504,32.91,2.7,-.5,31.1,5.2,-6999,-6999,0,-6999,-6999,0
100,2012,308,2400,13.95,1.004,33.81,213.8,-.496,31.11,11.4,1.004,33.81,.7,1.004,33.81,9.3,1.004,33.81,133,1.004,33.81,-6.9,1.004,33.81,3,-.492,31.12,4.8,-6999,-6999,0,-6999,-6999,0
100,2012,309,100,13.95,1.5,34.7,213.8,0,32,11.2,1.5,34.7,1.2,1.496,34.69,9.1,1.5,34.7,3.7,1.496,34.69,-7.2,1.5,34.7,2.5,.496,32.89,5,-6999,-6999,0,-6999,-6999,0
100,2012,309,200,13.95,1.5,34.7,213.8,0,32,10.5,1.5,34.7,.9,1.004,33.81,7.9,1.5,34.7,3.2,1.004,33.81,-7.9,1.5,34.7,2.8,0,32,5,-6999,-6999,0,-6999,-6999,0
100,2012,309,300,13.94,1.5,34.7,213.8,0,32,10.8,1.5,34.7,1.1,1.5,34.7,8.4,1.5,34.7,3.2,1.5,34.7,-9.1,1.5,34.7,3,.004,32.01,4.8,-6999,-6999,0,-6999,-6999,0
100,2012,309,400,13.94,1.496,34.69,213.8,-.004,31.99,11.4,1.496,34.69,.9,1.496,34.69,8.3,1.496,34.69,3.4,1.496,34.69,-8,1.496,34.69,2.8,.492,32.88,5.2,-6999,-6999,0,-6999,-6999,0
100,2012,309,500,13.94,1.004,33.81,213.3,-.496,31.11,11.4,1.004,33.81,1.2,1.004,33.81,8.8,1.004,33.81,3.2,1.004,33.81,-7.9,1.004,33.81,2.7,-.492,31.12,4.8,-6999,-6999,0,-6999,-6999,0
100,2012,309,600,13.94,1.492,34.68,213,-.008,31.98,11.4,1.492,34.68,1.2,1.492,34.68,8.8,1.487,34.68,3.7,1.492,34.68,-8.5,1.492,34.68,2.5,.487,32.88,5.4,-6999,-6999,0,-6999,-6999,0
100,2012,309,700,13.95,.512,32.92,212.5,-.987,30.22,11.2,.512,32.92,1,.512,32.92,9.1,.017,32.03,133.3,.512,32.92,-5.9,.512,32.92,2.5,-.983,30.23,4.6,-6999,-6999,0,-6999,-6999,0
100,2012,309,800,13.94,1.996,35.59,212.5,.496,32.89,11.4,1.996,35.59,1.1,1.996,35.59,9.3,1.996,35.59,133.3,1.996,35.59,-9.3,1.996,35.59,2.7,.996,33.79,4.8,-6999,-6999,0,-6999,-6999,0
100,2012,309,900,13.94,1.504,34.71,10.5,.004,32.01,11.4,1.504,34.71,.7,1.504,34.71,9.1,1.504,34.71,133.8,1.504,34.71,-9.3,1.504,34.71,2.5,.5,32.9,4.8,-6999,-6999,0,-6999,-6999,0
100,2012,309,1000,13.92,2.004,35.61,211.4,.504,32.91,11,2.004,35.61,.8,2.004,35.61,9.4,2.004,35.61,133.2,2.004,35.61,-8,2.004,35.61,2.5,.508,32.91,4.4,-6999,-6999,0,-6999,-6999,0
100,2012,309,1100,13.92,2.5,36.5,211.4,1,33.8,11.2,2.5,36.5,.7,2.5,36.5,9.5,2.5,36.5,133.7,2.5,36.5,-7.8,2.5,36.5,2.4,1.5,34.7,4.4,-6999,-6999,0,-6999,-6999,0
100,2012,309,1200,13.9,2.504,36.51,10.1,1.004,33.81,11.2,2.504,36.51,1,2.504,36.51,9.5,2.504,36.51,3.3,2.504,36.51,-8.2,2.504,36.51,2.4,1.504,34.71,4.2,-6999,-6999,0,-6999,-6999,0
100,2012,309,1300,13.89,2.996,37.39,10.3,1.496,34.69,11.3,2.996,37.39,1.2,2.996,37.39,9.8,2.996,37.39,3.4,2.996,37.39,-9.2,2.996,37.39,2.4,1.996,35.59,4.4,-6999,-6999,0,-6999,-6999,0
100,2012,309,1400,13.89,2.508,36.51,10.4,1.008,33.82,11.2,2.508,36.51,1.3,2.508,36.51,10,2.508,36.51,3.5,2.508,36.51,-8.1,2.508,36.51,2.6,1.508,34.71,4,-6999,-6999,0,-6999,-6999,0
100,2012,309,1500,13.88,3.5,38.3,10.4,2,35.6,11,3.5,38.3,1.1,3.5,38.3,9.7,3.5,38.3,3.5,3.5,38.3,-6.8,3.5,38.3,2.6,2.5,36.5,4,-6999,-6999,0,-6999,-6999,0
100,2012,309,1600,13.88,3.496,38.29,10.6,1.996,35.59,11.4,3.496,38.29,1.3,3.496,38.29,9.8,3.496,38.29,3.6,3.496,38.29,-9.2,3.496,38.29,2.6,2.496,36.49,4.2,-6999,-6999,0,-6999,-6999,0
100,2012,309,1700,13.88,2.992,37.38,10.5,1.496,34.69,11,2.992,37.38,1.2,2.992,37.38,10,2.992,37.38,3.6,2.992,37.38,-9.8,2.992,37.38,2.4,1.992,35.59,4.6,-6999,-6999,0,-6999,-6999,0
100,2012,309,1800,13.9,1.996,35.59,10.7,.992,33.79,11.2,1.996,35.59,1.2,1.996,35.59,10.1,1.996,35.59,3.2,1.996,35.59,-9.6,1.996,35.59,2.5,.996,33.79,4.8,-6999,-6999,0,-6999,-6999,0
100,2012,309,1900,13.92,1.5,34.7,10.7,0,32,10.8,1.5,34.7,1.1,1.5,34.7,9.9,1.5,34.7,3.2,1.5,34.7,-10.2,1.5,34.7,2.5,.496,32.89,5,-6999,-6999,0,-6999,-6999,0
100,2012,309,2000,13.92,1.5,34.7,10.7,-.004,31.99,11.2,1.496,34.69,1.3,1.496,34.69,10,1.496,34.69,133.3,1.496,34.69,-9.2,1.496,34.69,2.7,0,32,5,-6999,-6999,0,-6999,-6999,0
100,2012,309,2100,13.93,1.496,34.69,10.6,-.5,31.1,10.9,1,33.8,.9,.996,33.79,10,.996,33.79,3.5,1,33.8,-8,.996,33.79,2.3,-.004,31.99,5.2,-6999,-6999,0,-6999,-6999,0
100,2012,309,2200,13.94,.996,33.79,10.9,-.5,31.1,10.6,.996,33.79,1.2,.5,32.9,10,.5,32.9,3.5,.996,33.79,-7.3,.5,32.9,2.3,-.504,31.09,5.4,-6999,-6999,0,-6999,-6999,0
100,2012,309,2300,13.95,.5,32.9,10.9,-.504,31.09,10.6,.5,32.9,1.4,.5,32.9,10,.5,32.9,133.8,.5,32.9,-8.8,.5,32.9,2.3,-1,30.2,5.4,-6999,-6999,0,-6999,-6999,0
100,2012,309,2400,13.96,.504,32.91,10.9,-.996,30.21,10.7,.504,32.91,1.3,.504,32.91,10,.504,32.91,133.8,.5,32.9,-7.8,.504,32.91,2.3,-.996,30.21,5.2,-6999,-6999,0,-6999,-6999,0
100,2012,310,100,13.96,1,33.8,10.6,-.5,31.1,10.7,1,33.8,1.3,.996,33.79,10.2,1,33.8,133.8,.5,32.9,-7.8,1,33.8,2.3,-.5,31.1,5.2,-6999,-6999,0,-6999,-6999,0
100,2012,310,200,13.96,.996,33.79,10.9,-.504,31.09,10.6,.996,33.79,1,.5,32.9,10,.996,33.79,133.8,.5,32.9,-8.1,.996,33.79,2.3,-.504,31.09,4.4,-6999,-6999,0,-6999,-6999,0
100,2012,310,300,13.96,.496,32.89,11.1,-1.004,30.19,10.8,.496,32.89,1.4,.496,32.89,10.2,.496,32.89,133.8,.5,32.9,-8.5,.496,32.89,2.3,-1,30.2,4.4,-6999,-6999,0,-6999,-6999,0
100,2012,310,400,13.97,0,32,10.6,-1.5,29.3,10.3,0,32,1.4,0,32,9.9,0,32,133.8,.496,32.89,-8.8,-.004,31.99,2.3,-1.004,30.19,4.4,-6999,-6999,0,-6999,-6999,0
100,2012,310,500,13.98,-.004,31.99,10.8,-1.5,29.3,10.1,-.004,31.99,1.1,-.004,31.99,9.9,-.004,31.99,133.9,-.008,31.98,-8.5,-.5,31.1,2.3,-1.504,29.29,4.6,-6999,-6999,0,-6999,-6999,0
100,2012,310,600,13.96,-.479,31.14,10.5,-1.483,29.33,11,-.479,31.14,1.4,-.479,31.14,9.7,-.479,31.14,133,-.975,30.24,-8.5,-.479,31.14,2.4,-1.979,28.44,4.8,-6999,-6999,0,-6999,-6999,0
100,2012,310,700,13.95,1.996,35.59,10.7,.5,32.9,9.5,1.996,35.59,1.2,1.996,35.59,10.1,1.996,35.59,3.7,1.996,35.59,-9.3,1.996,35.59,2.2,.5,32.9,4.8,-6999,-6999,0,-6999,-6999,0
100,2012,310,800,13.93,1.512,34.72,10.1,.508,32.91,10.6,1.512,34.72,1.6,1.508,34.71,10,1.512,34.72,3.3,1.512,34.72,-8.2,1.512,34.72,2.4,.512,32.92,4.2,-6999,-6999,0,-6999,-6999,0
100,2012,310,900,13.9,3.008,37.41,10.2,1.508,34.71,10.3,3.008,37.41,1.2,2.508,36.51,10,3.008,37.41,3,3.004,37.41,-7.4,3.004,37.41,2.1,2.004,35.61,4,-6999,-6999,0,-6999,-6999,0
100,2012,310,1000,13.88,4.004,39.21,10,2.504,36.51,10.6,4.012,39.22,.8,3.508,38.32,9.4,4.004,39.21,3.2,3.508,38.32,-7.2,3.504,38.31,1.9,2.508,36.51,3.7,-6999,-6999,0,-6999,-6999,0
100,2012,310,1100,13.83,4.504,40.11,10.5,3.004,37.41,10.8,5.5,41.9,1.1,4.508,40.12,7.9,4.504,40.11,3.1,4.504,40.11,-8.3,4.008,39.21,2.1,3.508,38.32,3.3,-6999,-6999,0,-6999,-6999,0
100,2012,310,1200,13.82,5.012,41.02,10.3,3.512,38.32,9.8,5.508,41.91,.6,5.508,41.91,8,5.012,41.02,2.6,5.012,41.02,-9.3,5.012,41.02,2.4,4.508,40.12,4,-6999,-6999,0,-6999,-6999,0
100,2012,310,1300,13.81,6.483,43.67,10,4.987,40.98,10.4,6.487,43.68,.7,6.483,43.67,8.9,6.487,43.68,2.8,6.487,43.68,-5.7,6.483,43.67,2.3,5.483,41.87,4,-6999,-6999,0,-6999,-6999,0
100,2012,310,1400,13.81,4.504,40.11,9.5,3.504,38.31,10.6,5,41,.8,4.504,40.11,181.7,5,41,2.8,5,41,-5.7,4.504,40.11,1.8,3.504,38.31,3.8,-6999,-6999,0,-6999,-6999,0
100,2012,310,1500,13.81,5.004,41.01,9.3,4,39.2,10.9,5.004,41.01,1.1,5,41,181.7,5.004,41.01,2.1,5.004,41.01,-5,5.004,41.01,1.8,4.004,39.21,4.4,-6999,-6999,0,-6999,-6999,0
100,2012,310,1600,13.82,5.492,41.88,8.2,3.992,39.18,11,5.492,41.88,1,4.996,40.99,8.1,5.492,41.88,2.4,5.492,41.88,-6,5.492,41.88,1.3,4.492,40.09,3.7,-6999,-6999,0,-6999,-6999,0
100,2012,310,1700,13.82,4.492,40.09,8.6,2.996,37.39,10.8,4.492,40.09,.9,4.492,40.09,8.8,4.492,40.09,2.7,4.492,40.09,-5.8,4.492,40.09,1.6,3.492,38.29,4,-6999,-6999,0,-6999,-6999,0
100,2012,310,1800,13.85,3.5,38.3,9.6,2.496,36.49,11.2,3.5,38.3,.9,3.5,38.3,9.2,3.5,38.3,2.7,3.5,38.3,-4.4,3.496,38.29,1.4,2.496,36.49,4.2,-6999,-6999,0,-6999,-6999,0
100,2012,310,1900,13.86,3.5,38.3,8.6,2,35.6,10.5,3.496,38.29,.6,3.496,38.29,8.8,3.496,38.29,2.8,3.496,38.29,-5.2,3,37.4,1.6,2,35.6,4.2,-6999,-6999,0,-6999,-6999,0
100,2012,310,2000,13.88,3.5,38.3,8.6,2,35.6,10.5,3.004,37.41,.6,3.004,37.41,8.5,3.004,37.41,2.7,3.004,37.41,-4.9,3.004,37.41,1.6,2.004,35.61,4,-6999,-6999,0,-6999,-6999,0
100,2012,310,2100,13.88,3.496,38.29,8.3,1.996,35.59,10.2,3.496,38.29,.4,3.492,38.29,8.9,3.492,38.29,2.4,3.492,38.29,-5,3.492,38.29,1.2,2.492,36.49,4.4,-6999,-6999,0,-6999,-6999,0
100,2012,310,2200,13.88,2.996,37.39,10,1.496,34.69,10.7,2.996,37.39,1,2.5,36.5,9.2,2.5,36.5,2.9,2.5,36.5,-4.7,2.5,36.5,1.4,1.496,34.69,4.6,-6999,-6999,0,-6999,-6999,0
100,2012,310,2300,13.9,2.5,36.5,9.5,1,33.8,10.8,2.5,36.5,1,2.5,36.5,9.4,2.5,36.5,2.9,2.5,36.5,-5.3,2.5,36.5,1.7,1.004,33.81,4.4,-6999,-6999,0,-6999,-6999,0
100,2012,310,2400,13.9,2.5,36.5,9.5,1,33.8,10.4,2.5,36.5,.7,2.5,36.5,9.2,2.5,36.5,2.9,2.5,36.5,-4.3,2.5,36.5,1.7,1.5,34.7,4.4,-6999,-6999,0,-6999,-6999,0
100,2012,311,100,13.9,2.496,36.49,9.7,1,33.8,10.4,2.5,36.5,.7,2.496,36.49,9.4,2.496,36.49,3.1,2.496,36.49,-4.6,2.496,36.49,1.9,1.496,34.69,4.6,-6999,-6999,0,-6999,-6999,0
100,2012,311,200,13.92,2,35.6,9.2,.996,33.79,10.3,2.492,36.49,.7,1.996,35.59,9.1,2,35.6,133.3,1.996,35.59,-5.4,2,35.6,1.5,.996,33.79,4.8,-6999,-6999,0,-6999,-6999,0
100,2012,311,300,13.92,1.996,35.59,9.4,.496,32.89,10.2,1.5,34.7,.6,1.5,34.7,9.1,1.996,35.59,133.3,1.5,34.7,-4.8,1.996,35.59,1.7,.5,32.9,4.8,-6999,-6999,0,-6999,-6999,0
100,2012,311,400,13.92,1.5,34.7,9.4,0,32,10.7,1.5,34.7,.9,1.5,34.7,9.4,1.5,34.7,133.3,1.5,34.7,-4.6,1.504,34.71,1.7,.5,32.9,4.8,-6999,-6999,0,-6999,-6999,0
100,2012,311,500,13.93,1.492,34.68,9.4,-.008,31.98,10.6,1.492,34.68,.7,1.492,34.68,9.2,1.492,34.68,133.8,1.492,34.68,-5,1.987,35.58,1.5,.492,32.88,5.2,-6999,-6999,0,-6999,-6999,0
100,2012,311,600,13.94,.508,32.91,9.4,-.992,30.21,10.7,.508,32.91,.7,.508,32.91,9.3,.508,32.91,133.3,.508,32.91,-4.4,.508,32.91,1.8,-.492,31.12,4.8,-6999,-6999,0,-6999,-6999,0
100,2012,311,700,13.95,1.492,34.68,9.4,-.008,31.98,9.9,1.492,34.68,.7,1.492,34.68,9.2,1.492,34.68,2.5,1.492,34.68,-5.5,1.492,34.68,1.7,.487,32.88,5.4,-6999,-6999,0,-6999,-6999,0
100,2012,311,800,13.94,.517,32.93,9.5,-.979,30.24,9.9,.517,32.93,.3,.517,32.93,9,.517,32.93,2.4,.517,32.93,-5.2,.517,32.93,2.2,-.979,30.24,4.4,-6999,-6999,0,-6999,-6999,0
100,2012,311,900,13.92,2.512,36.52,9.7,1.508,34.71,10,2.512,36.52,.4,2.512,36.52,9.3,2.512,36.52,2.5,2.517,36.53,-5.6,2.512,36.52,1.8,1.521,34.74,3.5,-6999,-6999,0,-6999,-6999,0
100,2012,311,1000,13.86,4.017,39.23,212.5,2.517,36.53,10,4.033,39.26,-.5,4.021,39.24,8.5,4.017,39.23,2.8,4.512,40.12,-4.2,4.021,39.24,1.7,4.012,39.22,3.2,-6999,-6999,0,-6999,-6999,0
100,2012,311,1100,13.8,6.004,42.81,211.7,4.504,40.11,11,7.99,46.38,.5,6.512,43.72,7.8,6.004,42.81,2.5,6.004,42.81,-4.6,6.504,43.71,1.5,5.508,41.91,2.8,-6999,-6999,0,-6999,-6999,0
100,2012,311,1200,13.79,6.504,43.71,8.6,5.004,41.01,8.8,7,44.6,.1,7.99,46.38,180.5,6.504,43.71,2.4,6.504,43.71,-4.4,7,44.61,1.3,6.496,43.69,3,-6999,-6999,0,-6999,-6999,0
100,2012,311,1300,13.77,6.996,44.59,8.9,5.5,41.9,9.1,7,44.6,.5,6.996,44.59,180.6,7.01,44.62,1.4,7.01,44.62,-1.7,7.5,45.49,.8,5.996,42.79,3.2,-6999,-6999,0,-6999,-6999,0
100,2012,311,1400,13.77,6.508,43.72,8.7,5.504,41.91,10.1,7,44.61,-.9,6.504,43.71,180.9,8,46.39,2,8,46.39,-2.7,7,44.61,.5,5.508,41.91,4.8,-6999,-6999,0,-6999,-6999,0
100,2012,311,1500,13.77,7.49,45.49,8.9,5.992,42.78,9.8,7.49,45.49,.2,6.996,44.59,6.4,7.49,45.48,2.5,7.49,45.49,-.5,7.49,45.48,1,6.487,43.68,3.4,-6999,-6999,0,-6999,-6999,0
100,2012,311,1600,13.78,6.496,43.69,8.6,4.996,40.99,11,6.492,43.69,-.4,6.492,43.69,7.9,5.996,42.79,2.1,6.496,43.69,-1.2,6,42.8,.7,5,41,3.4,-6999,-6999,0,-6999,-6999,0
100,2012,311,1700,13.79,5.992,42.78,9,4.492,40.09,9.6,5.496,41.89,-.5,5.496,41.89,7.6,5.496,41.89,1.2,5.992,42.78,-.6,5.987,42.78,.6,4.987,40.98,3.7,-6999,-6999,0,-6999,-6999,0
100,2012,311,1800,13.82,4.996,40.99,212.3,3.496,38.29,10,4.996,40.99,-.7,4.996,40.99,7.9,4.996,40.99,1.4,4.996,40.99,.3,4.5,40.1,.6,3.496,38.29,3.8,-6999,-6999,0,-6999,-6999,0
100,2012,311,1900,13.84,4.5,40.1,212.3,3,37.4,10,4.496,40.09,-.3,4.496,40.09,8,4.496,40.09,1.5,4.5,40.1,-2.3,4.496,40.09,.3,3,37.4,3.8,-6999,-6999,0,-6999,-6999,0
100,2012,311,2000,13.84,4.496,40.09,8.9,2.996,37.39,10,3.996,39.19,-.4,3.996,39.19,8.3,3.996,39.19,1.7,4.496,40.09,-1.4,4,39.2,.6,3,37.4,3.8,-6999,-6999,0,-6999,-6999,0
100,2012,311,2100,13.86,4.004,39.21,212.3,2.504,36.51,10,3.508,38.32,-.5,3.508,38.32,7.2,3.508,38.32,.8,4.004,39.21,-2.4,4,39.2,.6,2.996,37.39,4,-6999,-6999,0,-6999,-6999,0
100,2012,311,2200,13.86,4.496,40.09,212.4,2.996,37.39,10.2,4.496,40.09,-.5,4.496,40.09,8.1,4.492,40.09,1.1,4.496,40.09,-2.7,3.992,39.18,.7,2.496,36.49,4.2,-6999,-6999,0,-6999,-6999,0
100,2012,311,2300,13.86,3.992,39.18,211.4,2.492,36.49,9.9,3.992,39.18,-.7,3.987,39.18,7.5,3.492,38.29,.6,3.992,39.18,-3.7,2.992,37.38,.5,1.992,35.59,4.6,-6999,-6999,0,-6999,-6999,0
100,2012,311,2400,13.88,2.992,37.38,212.5,1.487,34.68,10.4,2.987,37.38,-.4,2.492,36.49,7.7,2.492,36.49,1.4,2.992,37.38,-4,2,35.6,.7,1,33.8,4.6,-6999,-6999,0,-6999,-6999,0
100,2012,312,100,13.9,2.008,35.62,7.9,.012,32.02,10.1,1.508,34.71,0,1.508,34.71,7.3,1.508,34.71,1.1,2.008,35.62,-4,2.004,35.61,.7,1.004,33.81,4.4,-6999,-6999,0,-6999,-6999,0
100,2012,312,200,13.9,2.987,37.38,211.4,1.487,34.68,10.2,2.492,36.49,-.1,2.492,36.49,7.6,2.492,36.49,1.4,2.987,37.38,-3.9,2.492,36.49,.5,1.492,34.68,4.8,-6999,-6999,0,-6999,-6999,0
100,2012,312,300,13.92,1.508,34.71,211.9,.008,32.01,10.4,1.508,34.71,0,1.508,34.71,7.5,1.508,34.71,1.1,1.508,34.71,-3,1.508,34.71,.4,.504,32.91,4.6,-6999,-6999,0,-6999,-6999,0
100,2012,312,400,13.92,2.508,36.51,212.4,1.004,33.81,9.9,2.504,36.51,-.2,2.504,36.51,7.3,2.504,36.51,1.2,2.508,36.51,-1.5,2.5,36.5,.4,1.004,33.81,4.4,-6999,-6999,0,-6999,-6999,0
100,2012,312,500,13.92,3.492,38.29,212.4,1.496,34.69,10.1,2.996,37.39,-.3,2.996,37.39,7.8,2.992,37.38,1.3,3.492,38.29,-4.2,2.5,36.5,.4,1.496,34.69,4.6,-6999,-6999,0,-6999,-6999,0
100,2012,312,600,13.92,2.475,36.45,212.1,.975,33.76,10.2,2.475,36.45,-.1,2.475,36.45,8,1.979,35.56,1.5,2.471,36.45,-5.2,2.475,36.45,.5,.975,33.76,4.2,-6999,-6999,0,-6999,-6999,0
100,2012,312,700,13.94,-.496,31.11,7.8,-1.996,28.41,10.3,-.496,31.11,.1,-.496,31.11,8,-.496,31.11,1.3,-.992,30.21,-6,-.496,31.11,.6,-1.996,28.41,4.4,-6999,-6999,0,-6999,-6999,0
100,2012,312,800,13.96,.046,32.08,211.3,-1.454,29.38,11.4,.042,32.07,1.3,.037,32.07,8.3,.037,32.07,2.4,.042,32.07,1.5,.042,32.07,.5,-1.458,29.38,3.7,-6999,-6999,0,-6999,-6999,0
100,2012,312,900,13.88,5.508,41.91,213.5,4.008,39.21,10,5.017,41.03,-.7,4.517,40.13,8.3,4.517,40.13,.8,5.012,41.02,-2.6,5.012,41.02,.3,3.525,38.35,2.8,-6999,-6999,0,-6999,-6999,0
100,2012,312,1000,13.82,6.521,43.74,212.6,5.025,41.04,9.9,7.03,44.66,-.4,6.521,43.74,7.9,6.521,43.74,1.6,6.521,43.74,.4,6.517,43.73,.2,6.517,43.73,2.8,-6999,-6999,0,-6999,-6999,0
100,2012,312,1100,13.73,9.01,48.22,8.3,8,46.41,8.5,11,51.79,-.7,9.02,48.25,5.8,9.01,48.22,1.3,9.01,48.22,1.7,8.51,47.32,-.1,8.51,47.31,1.2,-6999,-6999,0,-6999,-6999,0
100,2012,312,1200,13.71,9.99,49.99,6.8,8.49,47.28,8.8,10.48,50.87,-.8,11.97,53.55,4.4,9.99,49.98,1.2,9.99,49.99,.8,9.99,49.99,-.9,9.49,49.08,1.8,-6999,-6999,0,-6999,-6999,0
100,2012,312,1300,13.71,9.01,48.22,8.1,7.51,45.52,10.2,8.51,47.32,-.3,8.51,47.32,180.1,8.52,47.34,1,9.02,48.24,1,9.01,48.22,-.2,8.01,46.42,3.6,-6999,-6999,0,-6999,-6999,0
100,2012,312,1400,13.7,10.49,50.88,7.9,8.99,48.19,9.7,9.99,49.99,-.4,9.99,49.99,180.4,10.98,51.77,1.1,11.48,52.67,2.6,10.49,50.88,-.5,9.49,49.09,2,-6999,-6999,0,-6999,-6999,0
100,2012,312,1500,13.69,9.49,49.08,7.2,7.99,46.38,7.4,8.99,48.18,-1.6,8.99,48.18,5.5,8.99,48.18,.5,9.49,49.08,.8,8.98,48.17,-.3,8.48,47.26,2.7,-6999,-6999,0,-6999,-6999,0
100,2012,312,1600,13.72,7.99,46.38,8.4,6.487,43.68,9.2,7.49,45.49,-1.1,7.49,45.49,6.6,7.49,45.49,.8,7.99,46.38,2.2,7,44.6,-1.1,5.996,42.79,2.9,-6999,-6999,0,-6999,-6999,0
100,2012,312,1700,13.75,6.483,43.67,7.8,4.983,40.97,8.6,6.483,43.67,-1,6.483,43.67,5.9,6.483,43.67,.5,6.979,44.56,1.4,6.979,44.56,-1,5.479,41.86,2.6,-6999,-6999,0,-6999,-6999,0
100,2012,312,1800,13.79,4.5,40.1,7.7,3.004,37.41,8.9,4.5,40.1,-.8,4.5,40.1,6.4,4.5,40.1,.8,4.5,40.1,2.8,4.5,40.1,-1,3.004,37.41,2.5,-6999,-6999,0,-6999,-6999,0
100,2012,312,1900,13.82,4.496,40.09,7.5,3.492,38.29,8.9,4.496,40.09,-1,4.492,40.09,6.1,4.492,40.09,.8,4.496,40.09,2.3,4.496,40.09,-.9,3.492,38.29,2.8,-6999,-6999,0,-6999,-6999,0
100,2012,312,2000,13.84,3.992,39.18,7.5,2.492,36.49,8.3,3.992,39.18,-.9,3.496,38.29,6,3.496,38.29,.9,3.992,39.18,1.6,3.987,39.18,-.8,2.496,36.49,2.2,-6999,-6999,0,-6999,-6999,0
100,2012,312,2100,13.87,3,37.4,8.3,1.5,34.7,10.1,2.996,37.39,-.3,2.992,37.38,6.9,2.996,37.39,1.4,3.004,37.41,2.5,2.496,36.49,-.9,1.992,35.59,2.8,-6999,-6999,0,-6999,-6999,0
100,2012,312,2200,13.9,2.983,37.37,7.3,1.483,34.67,8.7,2.487,36.48,-1,1.992,35.59,6.1,2.483,36.47,1.2,3.475,38.26,.8,1.992,35.59,-.8,.987,33.78,2,-6999,-6999,0,-6999,-6999,0
100,2012,312,2300,13.92,1.008,33.82,7.9,-.492,31.12,9,1.008,33.82,-.8,1.008,33.82,6.2,.512,32.92,133,.512,32.92,-.3,1.004,33.81,-.8,-.492,31.12,1.6,-6999,-6999,0,-6999,-6999,0
100,2012,312,2400,13.94,2,35.6,7.9,.5,32.9,9,2,35.6,-.8,1.996,35.59,6.2,1.996,35.59,.9,2,35.6,3,1.504,34.71,-.9,.5,32.9,2,-6999,-6999,0,-6999,-6999,0
100,2012,313,100,13.93,2,35.6,7.9,.5,32.9,9.3,2.004,35.61,-1,1.508,34.71,6,1.504,34.71,.8,2.004,35.61,-.2,2.004,35.61,-.8,.504,32.91,1.8,-6999,-6999,0,-6999,-6999,0
100,2012,313,200,13.92,2,35.6,7.9,.504,32.91,9.5,2.496,36.49,-.3,2.496,36.49,6.4,2,35.6,1.3,2.5,36.5,.2,2.496,36.49,-.3,1,33.8,2.6,-6999,-6999,0,-6999,-6999,0
100,2012,313,300,13.93,1.996,35.59,7.6,.992,33.79,9.2,1.996,35.59,-.7,1.996,35.59,6.1,1.996,35.59,.9,2.492,36.49,1.2,1.996,35.59,-1,.992,33.79,1.8,-6999,-6999,0,-6999,-6999,0
100,2012,313,400,13.94,1.479,34.66,8.2,-.017,31.97,9.3,1.483,34.67,-.7,1.483,34.67,6,1.479,34.66,1.1,1.471,34.65,1.1,1.483,34.67,-.7,-.017,31.97,2.3,-6999,-6999,0,-6999,-6999,0
100,2012,313,500,13.96,-.983,30.23,7.8,-1.987,28.42,9.2,-.487,31.12,-.9,-.487,31.12,6.1,-.987,30.22,1.2,-1.975,28.44,1.3,-.492,31.12,-.8,-1.992,28.41,2.2,-6999,-6999,0,-6999,-6999,0
100,2012,313,600,13.96,1.017,33.83,7.9,-.483,31.13,9.3,1.012,33.82,-.3,1.012,33.82,6.3,.517,32.93,1.1,1.012,33.82,1.3,.517,32.93,-.6,-.983,30.23,2.8,-6999,-6999,0,-6999,-6999,0
100,2012,313,700,13.92,3.012,37.42,212.3,1.512,34.72,9.3,2.517,36.53,-.8,2.517,36.53,6.1,2.517,36.53,.5,2.517,36.53,.9,2.521,36.54,-.5,1.021,33.84,2.5,-6999,-6999,0,-6999,-6999,0
100,2012,313,800,13.9,4.479,40.06,7.9,2.983,37.37,9.1,4.479,40.06,-.8,4.479,40.06,6.2,4.479,40.06,.8,4.479,40.06,1,4.975,40.95,-.8,3.479,38.26,2.8,-6999,-6999,0,-6999,-6999,0
100,2012,313,900,13.9,2.017,35.63,7.9,1.008,33.82,9.4,2.012,35.62,-.8,2.012,35.62,6.3,2.012,35.62,.8,2.012,35.62,1.5,2.012,35.62,-.7,1.012,33.82,2.2,-6999,-6999,0,-6999,-6999,0
100,2012,313,1000,13.87,4.012,39.22,212.3,2.021,35.64,9.4,3.521,38.34,-.6,3.517,38.33,5.5,3.517,38.33,1.1,3.517,38.33,.8,3.517,38.33,-.7,2.521,36.54,3.1,-6999,-6999,0,-6999,-6999,0
100,2012,313,1100,13.83,5.508,41.91,7.9,4.504,40.11,8.4,6.008,42.81,-1.4,5.512,41.92,5.5,5.508,41.91,.3,5.508,41.91,-.2,5.508,41.91,-.6,5.008,41.01,2.7,-6999,-6999,0,-6999,-6999,0
100,2012,313,1200,13.8,6.508,43.72,7.9,5.008,41.01,7.6,7,44.61,-1.1,7,44.61,5.5,6.508,43.72,.5,6.508,43.72,1.4,6.508,43.72,-1.4,6.004,42.81,1.6,-6999,-6999,0,-6999,-6999,0
100,2012,313,1300,13.77,7.5,45.5,7.4,6,42.8,8.4,7.5,45.5,-1.5,7.5,45.49,5.2,7.5,45.5,.5,7.5,45.5,2,7.5,45.49,-1.2,6.5,43.7,1.6,-6999,-6999,0,-6999,-6999,0