100,2012,349,1200,14.04,-1.496,29.31,19.8,-2.996,26.61,21.3,-1.496,29.31,10.9,-1.992,28.41,17.7,-1.496,29.31,133.4,-1.492,29.32,-4,-1.992,28.41,10.9,-2.992,26.62,15.5,-6999,-6999,0,-6999,-6999,0
100,2012,349,1300,14.04,-1,30.2,19.8,-2.496,27.51,21.1,-.996,30.21,10.7,-1,30.2,17.5,-.983,30.23,12.2,-.5,31.1,-3.8,-.996,30.21,10.6,-2,28.4,15.5,-6999,-6999,0,-6999,-6999,0
100,2012,349,1400,14.04,-1.008,30.18,19.6,-2.008,28.38,21,-.508,31.09,10.8,-1.008,30.18,17.7,.979,33.76,123.2,-.512,31.08,-4,-.512,31.08,11,-2.008,28.38,15.4,-6999,-6999,0,-6999,-6999,0
100,2012,349,1500,14.04,-2,28.4,19.6,-3.004,26.59,21,-1.504,29.29,10.8,-2,28.4,17.7,-1.504,29.29,123.5,-2.004,28.39,-3.8,-2,28.4,10.9,-3.004,26.59,15.6,-6999,-6999,0,-6999,-6999,0
100,2012,349,1600,14.04,-2.004,28.39,19.8,-3.504,25.69,21.1,-2.004,28.39,10.6,-2.008,28.38,17.4,-2.004,28.39,12.6,-2.5,27.5,-4.1,-2.004,28.39,10.9,-3.504,25.69,15.9,-6999,-6999,0,-6999,-6999,0
100,2012,349,1700,14.05,-2.508,27.48,19.8,-4.008,24.79,21.1,-2.508,27.48,10.8,-3.008,26.59,17.7,-2.512,27.48,123.3,-2.508,27.48,-4,-2.508,27.48,10.8,-4.008,24.79,14.7,-6999,-6999,0,-6999,-6999,0
100,2012,349,1800,14.06,-3.5,25.7,19.8,-5,23,21.1,-3.5,25.7,10.9,-3.996,24.81,17.1,-3.996,24.81,12.4,-3.5,25.7,-3.9,-3.5,25.7,11,-4.996,23.01,14.9,-6999,-6999,0,-6999,-6999,0
100,2012,349,1900,14.06,-3.5,25.7,19.4,-5,23,21,-3.5,25.7,10.8,-3.5,25.7,16.7,-3.5,25.7,12.4,-3.5,25.7,-4.4,-3.5,25.7,11,-4.504,23.89,14.7,-6999,-6999,0,-6999,-6999,0
100,2012,349,2000,14.07,-3.504,25.69,18.7,-5.004,22.99,21.2,-3.504,25.69,10.5,-3.504,25.69,16.6,-3.504,25.69,12.5,-3.504,25.69,-4.3,-3.504,25.69,10.9,-5.004,22.99,15,-6999,-6999,0,-6999,-6999,0
100,2012,349,2100,14.08,-4.004,24.79,17.9,-5.504,22.09,21.1,-4.004,24.79,10.6,-4.004,24.79,15.9,-4.004,24.79,12.7,-4.004,24.79,-5.1,-4.004,24.79,10.8,-5.504,22.09,14.7,-6999,-6999,0,-6999,-6999,0
100,2012,349,2200,14.08,-4.504,23.89,17.8,-6.004,21.19,21.1,-4.504,23.89,10.4,-4.504,23.89,16.1,-4.504,23.89,12.4,-4.504,23.89,-4.2,-4.504,23.89,10.8,-6,21.2,15.1,-6999,-6999,0,-6999,-6999,0
100,2012,349,2300,14.1,-5,23,19.6,-6.5,20.3,22.1,-5,23,11.7,-5,23,16.8,-5,23,12.8,-5,23,-8.3,-5,23,11.7,-6,21.2,15.4,-6999,-6999,0,-6999,-6999,0
100,2012,349,2400,14.1,-5,23,20.1,-6.5,20.3,22.1,-5,23,11.7,-5,23,15.9,-5,23,13.3,-5,23,-4.3,-5,23,12,-6.004,21.19,15.3,-6999,-6999,0,-6999,-6999,0
100,2012,350,100,14.11,-5.004,22.99,20.1,-6.504,20.29,21.8,-5.004,22.99,11,-5.004,22.99,225,-5.004,22.99,13.4,-5.004,22.99,-3.6,-5.004,22.99,11.6,-6.504,20.29,15.5,-6999,-6999,0,-6999,-6999,0
100,2012,350,200,14.12,-5.5,22.1,20.6,-7,19.4,22.3,-5.5,22.1,11.9,-5.5,22.1,225,-5.5,22.1,13.9,-5.5,22.1,-2.5,-5.496,22.11,12,-6.996,19.41,14.9,-6999,-6999,0,-6999,-6999,0
100,2012,350,300,14.13,-5.496,22.11,20.4,-6.996,19.41,22.1,-5.496,22.11,11.7,-5.5,22.1,225,-5.496,22.11,13.8,-5.5,22.1,-2.7,-5,23,12,-6.5,20.3,15.3,-6999,-6999,0,-6999,-6999,0
100,2012,350,400,14.14,-5,23,20.4,-6.5,20.3,22.3,-5,23,11.7,-5.5,22.1,16.8,-5,23,120.6,-5.496,22.11,-3.2,-5,23,12,-6.5,20.3,15.3,-6999,-6999,0,-6999,-6999,0
100,2012,350,500,14.14,-5.004,22.99,20.6,-6.504,20.29,22.5,-5,23,10.8,-5.5,22.1,17.1,-5.004,22.99,13.4,-5.004,22.99,-2.8,-5.004,22.99,12,-6.5,20.3,15.3,-6999,-6999,0,-6999,-6999,0
100,2012,350,600,14.14,-5.5,22.1,20.3,-7,19.4,22.2,-5.004,22.99,11.3,-5.5,22.1,17.4,-5.5,22.1,13.4,-5.5,22.1,-2.8,-5.5,22.1,11.8,-6.504,20.29,15.5,-6999,-6999,0,-6999,-6999,0
100,2012,350,700,14.14,-5.5,22.1,20.6,-7,19.4,22.3,-5.5,22.1,11.8,-5.5,22.1,17.6,-5.5,22.1,13.9,-5.5,22.1,-3.1,-5.496,22.11,11.8,-7,19.4,15.5,-6999,-6999,0,-6999,-6999,0
100,2012,350,800,14.14,-5.496,22.11,20.1,-6.996,19.41,22.1,-5.496,22.11,11.6,-5.496,22.11,17.3,-5.496,22.11,13.8,-5.496,22.11,-3.2,-5,23,11.8,-6.996,19.41,15.3,-6999,-6999,0,-6999,-6999,0
100,2012,350,900,14.13,-4.996,23.01,20.2,-6.496,20.31,22.2,-4.996,23.01,11.5,-4.996,23.01,17.7,-4.996,23.01,123.4,-4.996,23.01,-2.6,-4.996,23.01,11.8,-6.492,20.32,15,-6999,-6999,0,-6999,-6999,0
100,2012,350,1000,14.12,-4.5,23.9,19.9,-6,21.2,22.1,-4.5,23.9,11.4,-4.5,23.9,17.7,-4.5,23.9,13.2,-4.5,23.9,-3.3,-4.5,23.9,11.7,-5.504,22.09,15.1,-6999,-6999,0,-6999,-6999,0
100,2012,350,1100,14.12,-4.504,23.89,20.1,-6,21.2,21.9,-4.5,23.9,11.4,-4.504,23.89,17.6,-4.504,23.89,13.3,-4.504,23.89,-3.4,-4.5,23.9,11.5,-6,21.2,15.1,-6999,-6999,0,-6999,-6999,0
100,2012,350,1200,14.12,-4.992,23.01,20,-5.996,21.21,21.9,-4.496,23.91,11.3,-4.992,23.01,17.7,-4.992,23.01,13.5,-4.992,23.01,-3.6,-4.496,23.91,11.7,-5.992,21.21,14.7,-6999,-6999,0,-6999,-6999,0
100,2012,350,1300,14.1,-4,24.8,19.7,-5.5,22.1,21.7,-4,24.8,11.2,-4,24.8,17.7,-4,24.8,13,-4,24.8,-3.3,-4,24.8,11.5,-5.004,22.99,15,-6999,-6999,0,-6999,-6999,0
100,2012,350,1400,14.1,-4.008,24.79,20.1,-5.504,22.09,21.9,-4.004,24.79,11.2,-4.008,24.79,181,-4.004,24.79,13.2,-4.008,24.79,-3.2,-4.004,24.79,11.5,-5.504,22.09,14.7,-6999,-6999,0,-6999,-6999,0
100,2012,350,1500,14.1,-5,23,19.6,-6.004,21.19,21.6,-4.504,23.89,11.2,-5.004,22.99,182.7,-4.504,23.89,123.7,-5.004,22.99,-3.1,-4.504,23.89,11.5,-6.004,21.19,14.9,-6999,-6999,0,-6999,-6999,0
100,2012,350,1600,14.12,-5.004,22.99,19.3,-6.504,20.29,21.6,-5.004,22.99,11.3,-5.5,22.1,182.7,-5.004,22.99,131.8,-5.5,22.1,-3.1,-5.004,22.99,11.4,-6.504,20.29,14.8,-6999,-6999,0,-6999,-6999,0
100,2012,350,1700,14.13,-5.512,22.08,18.9,-7.01,19.38,21.7,-5.512,22.08,10.1,-5.512,22.08,181.8,-5.512,22.08,121.2,-5.512,22.08,-3.9,-5.508,22.09,11.4,-7.01,19.38,14.2,-6999,-6999,0,-6999,-6999,0
100,2012,350,1800,14.15,-7,19.39,19.1,-8.5,16.69,21.6,-7,19.39,9.6,-7,19.39,17.3,-7,19.39,12.6,-7,19.39,-6.4,-6.508,20.29,11.4,-8.5,16.69,14.1,-6999,-6999,0,-6999,-6999,0
100,2012,350,1900,14.17,-7.5,18.5,19.1,-9,15.8,21.4,-7.5,18.5,9.9,-7.5,18.5,17.3,-7.5,18.5,123.6,-7.5,18.5,-6.6,-7.5,18.5,11.1,-9,15.8,14.1,-6999,-6999,0,-6999,-6999,0
100,2012,350,2000,14.18,-7.5,18.5,19.1,-9,15.8,21.4,-7.5,18.5,9.6,-7.5,18.49,17.5,-7.5,18.5,123.1,-7.5,18.5,-7,-7.5,18.5,11.1,-9,15.8,14.1,-6999,-6999,0,-6999,-6999,0
100,2012,350,2100,14.19,-7.5,18.49,19,-9,15.79,21.1,-7.5,18.49,9.5,-8,17.6,16.9,-7.5,18.49,12.8,-7.5,18.49,-6.9,-7.5,18.49,11.4,-9,15.79,14.3,-6999,-6999,0,-6999,-6999,0
100,2012,350,2200,14.2,-8,17.6,19,-9.5,14.9,21.1,-8,17.6,9.8,-8,17.59,16.9,-8,17.6,12.8,-8,17.59,-7.2,-8,17.6,11.2,-9.5,14.9,14.3,-6999,-6999,0,-6999,-6999,0
100,2012,350,2300,14.21,-8.01,17.58,18.9,-9.51,14.89,21.2,-8,17.59,9.7,-8.5,16.69,16.8,-8.01,17.58,12.6,-8.5,16.69,-7,-8.01,17.58,11.3,-9.51,14.89,14.6,-6999,-6999,0,-6999,-6999,0
100,2012,350,2400,14.22,-9,15.8,18.4,-10.5,13.1,21.2,-8.5,16.69,10.4,-9,15.8,17,-9,15.8,12.6,-9,15.8,-7.3,-9,15.8,11.3,-10.5,13.1,14.6,-6999,-6999,0,-6999,-6999,0
100,2012,351,100,14.24,-9,15.8,18.4,-10.5,13.1,21.5,-9,15.8,10.6,-9,15.8,16.7,-9,15.8,13,-9,15.8,-6.2,-9,15.8,11.2,-10.5,13.1,14.6,-6999,-6999,0,-6999,-6999,0
100,2012,351,200,14.25,-9,15.8,18.4,-10.5,13.1,21.4,-9,15.8,10.9,-9,15.8,16.4,-9,15.8,12.6,-9,15.8,-5.1,-9,15.8,11.3,-10.5,13.1,14.6,-6999,-6999,0,-6999,-6999,0
100,2012,351,300,14.26,-9,15.8,17.6,-10.5,13.1,21.4,-9,15.81,10.8,-9,15.8,16.5,-9,15.81,12.9,-9,15.81,-4.1,-9,15.81,11.1,-10.5,13.11,14.5,-6999,-6999,0,-6999,-6999,0
100,2012,351,400,14.25,-9,15.8,17.6,-10.5,13.1,21.5,-8.5,16.69,11,-9,15.8,16,-8.5,16.69,123.7,-8.5,16.69,-3.5,-8.5,16.69,11.2,-10,13.99,14.6,-6999,-6999,0,-6999,-6999,0
100,2012,351,500,14.26,-9,15.8,16.6,-10.5,13.1,21.4,-9,15.8,10.9,-9,15.8,14.3,-9,15.8,13,-9,15.8,-4.3,-9,15.8,11.3,-10.5,13.1,13.2,-6999,-6999,0,-6999,-6999,0
100,2012,351,600,14.25,-9,15.79,16.8,-10.5,13.1,21.4,-9,15.8,10.9,-9,15.79,8.8,-9,15.8,12.6,-9,15.79,-4.1,-9,15.8,11.2,-10.5,13.1,13.2,-6999,-6999,0,-6999,-6999,0
100,2012,351,700,14.25,-9.5,14.9,19.1,-10.5,13.09,21.3,-9,15.79,9.7,-9.5,14.9,225,-9,15.79,12.7,-9.5,14.9,-4.6,-9,15.79,11.2,-10.5,13.09,14.5,-6999,-6999,0,-6999,-6999,0
100,2012,351,800,14.26,-9.5,14.9,19.4,-11,12.2,21.7,-9.5,14.9,9.7,-9.5,14.9,225,-9.5,14.9,13.2,-9.5,14.9,-4,-9.5,14.9,11.3,-11,12.2,15.5,-6999,-6999,0,-6999,-6999,0
100,2012,351,900,14.26,-9.5,14.91,8.8,-11,12.21,21.9,-9.5,14.91,9.5,-9.5,14.91,225,-9.5,14.91,13,-9.5,14.91,-3.7,-9.5,14.91,11.3,-10.99,12.21,14.5,-6999,-6999,0,-6999,-6999,0
100,2012,351,1000,14.24,-9,15.81,19.2,-10.5,13.11,22,-8.99,15.82,9.9,-9,15.81,225,-9,15.81,13.3,-9,15.81,-3.4,-9,15.81,11.7,-10,14.01,14.9,-6999,-6999,0,-6999,-6999,0
100,2012,351,1100,14.24,-8.5,16.7,19.2,-10,14,22,-8,17.59,11.3,-8.5,16.7,15.3,-8.5,16.7,13.3,-8.5,16.7,-2.6,-8.5,16.7,11.7,-9.5,14.9,14.6,-6999,-6999,0,-6999,-6999,0
100,2012,351,1200,14.23,-8.5,16.71,19,-10,14.01,22.1,-8.5,16.71,11.6,-8.5,16.71,225,-8.5,16.71,13.2,-8.5,16.71,-2.8,-8.5,16.71,11.6,-9.5,14.91,14.5,-6999,-6999,0,-6999,-6999,0
100,2012,351,1300,14.21,-8,17.6,19.8,-9.5,14.9,21.9,-8,17.6,8,-8,17.6,225,-8,17.61,13,-8,17.6,-3,-8,17.6,11.6,-9,15.8,14.8,-6999,-6999,0,-6999,-6999,0
100,2012,351,1400,14.21,-8,17.6,19.8,-9.5,14.9,22.3,-8,17.61,11.1,-8,17.6,225,-7.5,18.49,13.2,-8,17.6,-2.8,-8,17.6,11.6,-9,15.8,15.6,-6999,-6999,0,-6999,-6999,0
100,2012,351,1500,14.22,-8.01,17.58,19.8,-9.51,14.89,22.5,-7.51,18.48,10.5,-8.01,17.58,225,-8.01,17.58,13.4,-8.01,17.58,-2.9,-8.01,17.58,11.6,-9.01,15.79,15.9,-6999,-6999,0,-6999,-6999,0
100,2012,351,1600,14.22,-9.01,15.79,19.8,-10.51,13.08,22.4,-8.51,16.68,11.9,-9.01,15.79,183.7,-9.01,15.79,13.2,-9.01,15.79,-2.6,-9.01,15.79,11.8,-10.01,13.98,16.5,-6999,-6999,0,-6999,-6999,0
100,2012,351,1700,14.24,-10,13.99,20,-11.5,11.29,22.3,-10,13.99,11.6,-10.01,13.98,183.9,-10,13.99,13,-10,13.99,-3.1,-10,13.99,11.8,-11.5,11.29,16.7,-6999,-6999,0,-6999,-6999,0
100,2012,351,1800,14.27,-10.5,13.09,20.1,-12,10.39,22.5,-10.5,13.1,11.8,-11,12.2,183.9,-10.5,13.09,13.1,-10.5,13.09,-2.7,-10.5,13.1,11.6,-12,10.39,16.9,-6999,-6999,0,-6999,-6999,0
100,2012,351,1900,14.29,-11,12.21,19.9,-12.5,9.51,22.3,-10.5,13.1,11.8,-11,12.2,184.1,-11,12.21,13,-11,12.21,-3.1,-10.5,13.1,11.6,-12.5,9.51,16.7,-6999,-6999,0,-6999,-6999,0
100,2012,351,2000,14.29,-10.5,13.09,20.1,-12,10.39,22.5,-10.5,13.1,11.8,-11,12.2,184.1,-10.5,13.09,13.1,-10.5,13.09,-2.7,-10.5,13.09,11.8,-12,10.4,16.7,-6999,-6999,0,-6999,-6999,0
100,2012,351,2100,14.3,-11,12.2,20.2,-12.5,9.5,22.5,-10.5,13.1,11.8,-11,12.2,183.9,-11,12.21,13,-11,12.2,-2.7,-11,12.21,11.6,-12,10.4,15.7,-6999,-6999,0,-6999,-6999,0
100,2012,351,2200,14.3,-11,12.21,20,-12.5,9.51,22.3,-10.5,13.1,11.8,-11,12.2,183.9,-10.5,13.1,13,-11,12.2,-2.5,-10.5,13.1,11.6,-12,10.4,15.7,-6999,-6999,0,-6999,-6999,0
100,2012,351,2300,14.3,-10.5,13.1,20,-12,10.4,22.5,-10.5,13.1,12,-11,12.21,183.7,-10.5,13.1,13,-11,12.21,-2.7,-10.5,13.11,11.5,-12,10.4,16.7,-6999,-6999,0,-6999,-6999,0
100,2012,351,2400,14.3,-10.5,13.1,20,-12,10.4,22.1,-10.5,13.1,11.8,-10.5,13.1,183.1,-10.5,13.1,13,-10.5,13.1,-3.1,-10,13.99,11.8,-12,10.4,16.7,-6999,-6999,0,-6999,-6999,0
100,2012,352,100,14.3,-10.5,13.1,19.9,-12,10.4,22.8,-10.5,13.1,12,-10.5,13.1,12.2,-10.5,13.1,13,-10.5,13.1,-3.1,-10.5,13.11,11.8,-12,10.4,16.7,-6999,-6999,0,-6999,-6999,0
100,2012,352,200,14.29,-10.5,13.1,18.5,-12,10.4,22.5,-10.5,13.1,11.6,-10.5,13.1,183.7,-10.5,13.1,13,-10.5,13.1,-2.7,-10,13.99,11.6,-12,10.4,16.7,-6999,-6999,0,-6999,-6999,0
100,2012,352,300,14.29,-10.5,13.11,19.6,-12,10.41,23.1,-10.5,13.11,12.1,-10.5,13.11,225,-10.5,13.11,12.9,-10.5,13.11,-3.5,-10.5,13.11,11.8,-12,10.41,16.8,-6999,-6999,0,-6999,-6999,0
100,2012,352,400,14.28,-10,14,20.2,-11.5,11.3,23.1,-10,14,12.1,-10,14,225,-10,14,12.9,-10,14,-3.5,-10,14,11.8,-11.5,11.3,16.8,-6999,-6999,0,-6999,-6999,0
100,2012,352,500,14.28,-10,14,20.2,-11.5,11.3,23.1,-10,14,12.1,-10,14,225,-10,14,12.9,-10,14,-3.6,-10,14.01,11.5,-11.5,11.31,16.6,-6999,-6999,0,-6999,-6999,0
100,2012,352,600,14.27,-10,14.01,20.4,-11.5,11.31,22.9,-10,14.01,11.9,-10,14,225,-10,14.01,13.2,-10,14.01,-4.1,-9.5,14.9,10.4,-11,12.2,16.6,-6999,-6999,0,-6999,-6999,0
100,2012,352,700,14.26,-9.5,14.9,20.4,-11,12.2,22.9,-9.5,14.9,11.9,-10,14,225,-9.5,14.9,13,-9.5,14.9,-4.3,-9.5,14.9,9.3,-11,12.2,16.6,-6999,-6999,0,-6999,-6999,0
100,2012,352,800,14.26,-9.5,14.9,20.9,-11,12.2,23.7,-9.5,14.9,12.4,-10,14.01,225,-9.5,14.9,14,-9.5,14.9,-2.7,-9.5,14.9,11.2,-11,12.2,17,-6999,-6999,0,-6999,-6999,0
100,2012,352,900,14.25,-9.49,14.92,21.5,-10.99,12.21,24.3,-9.49,14.92,12.6,-9.49,14.92,225,-9.49,14.92,14.7,-9.49,14.92,-2.5,-9.49,14.92,11.3,-10.99,12.22,17.9,-6999,-6999,0,-6999,-6999,0
100,2012,352,1000,14.23,-8.5,16.71,20.3,-9.99,14.02,22.2,-8.49,16.71,230,-8.5,16.71,225,-8.5,16.71,123.1,-8.5,16.71,220,-8.5,16.71,13.5,-9.5,14.91,15.6,-6999,-6999,0,-6999,-6999,0
100,2012,352,1100,14.21,-7.99,17.61,16.8,-9,15.81,20.4,-7.5,18.51,10.9,-8,17.61,181.9,-7.99,17.61,123.5,-8,17.61,-5.3,-7.99,17.61,11.7,-9,15.81,220,-6999,-6999,0,-6999,-6999,0
100,2012,352,1200,14.19,-7,19.4,240,-8.5,16.7,25,-7,19.4,11.9,-7.5,18.51,181.8,-7,19.4,123.9,-7.5,18.51,220,-7,19.4,170,-8.5,16.71,220,-6999,-6999,0,-6999,-6999,0
100,2012,352,1300,14.18,-7,19.4,13,-8.5,16.7,25.8,-7,19.4,5.7,-7,19.4,181.8,-6.996,19.41,123.5,-7,19.4,220,-7,19.4,15.8,-8,17.6,20.8,-6999,-6999,0,-6999,-6999,0
100,2012,352,1400,14.18,-7,19.4,240,-8.5,16.71,25.2,-6.996,19.41,11.8,-7,19.4,181.8,-6.5,20.3,120.2,-7,19.4,220,-6.996,19.41,16,-8,17.6,20,-6999,-6999,0,-6999,-6999,0
100,2012,352,1500,14.17,-7,19.4,26,-8,17.59,28.2,-6.504,20.29,18.3,-7,19.4,181.8,-6.504,20.29,20.4,-7,19.4,220,-6.504,20.29,18,-8,17.59,23.2,-6999,-6999,0,-6999,-6999,0
100,2012,352,1600,14.17,-7,19.4,240,-8.5,16.7,29,-7,19.4,230,-7,19.39,181.9,-7,19.4,21.4,-7,19.39,3.6,-7,19.4,18.3,-8.5,16.7,220,-6999,-6999,0,-6999,-6999,0
100,2012,352,1700,14.17,-7,19.39,27,-8.5,16.7,28.9,-7,19.4,17.2,-7.5,18.5,181.9,-7,19.4,21.4,-7.5,18.5,220,-7,19.4,17.1,-8.5,16.7,21.9,-6999,-6999,0,-6999,-6999,0
100,2012,352,1800,14.18,-7.5,18.5,29.3,-8.5,16.7,30.5,-7,19.4,20.1,-7.5,18.5,181.9,-7,19.4,22.7,-7.5,18.5,220,-7,19.4,19.4,-8.5,16.7,25.3,-6999,-6999,0,-6999,-6999,0
100,2012,352,1900,14.18,-7.5,18.5,28.3,-8.5,16.69,30.6,-7,19.39,20.8,-7.5,18.5,181.9,-7,19.4,123.5,-7.5,18.5,220,-7,19.4,19.7,-8.5,16.7,220,-6999,-6999,0,-6999,-6999,0
100,2012,352,2000,14.18,-7.5,18.5,240,-9,15.8,27.3,-7.5,18.5,20.9,-7.5,18.5,181.9,-7,19.39,22.8,-7.5,18.5,220,-7,19.39,20.2,-8.5,16.69,220,-6999,-6999,0,-6999,-6999,0
100,2012,352,2100,14.18,-7.5,18.5,29.3,-9,15.8,235,-7.5,18.5,230,-7.5,18.5,25.2,-7.5,18.5,24.3,-7.5,18.5,220,-7.5,18.5,20.7,-9,15.81,220,-6999,-6999,0,-6999,-6999,0
100,2012,352,2200,14.18,-7.5,18.5,240,-9,15.8,31.3,-7.5,18.5,22.1,-7.5,18.5,225,-7.5,18.51,25.5,-7.5,18.5,220,-7.5,18.51,21.4,-8.5,16.7,26.1,-6999,-6999,0,-6999,-6999,0
100,2012,352,2300,14.18,-7.5,18.5,21.4,-9,15.81,33.6,-7.5,18.51,20.2,-7.5,18.5,225,-7,19.4,23,-7.5,18.5,220,-7,19.4,21.7,-8.5,16.7,27.9,-6999,-6999,0,-6999,-6999,0
100,2012,352,2400,14.18,-7.5,18.5,21.9,-8.5,16.7,235,-7,19.4,21.5,-7.5,18.5,225,-7,19.4,27.3,-7.5,18.5,220,-7,19.4,22.2,-8.5,16.7,25.8,-6999,-6999,0,-6999,-6999,0
100,2012,353,100,14.18,-7.5,18.5,37.2,-8.5,16.69,38.6,-7,19.39,230,-7.5,18.5,30,-7,19.39,120.8,-7.5,18.5,4.1,-7,19.39,23.8,-8.5,16.7,33.7,-6999,-6999,0,-6999,-6999,0
100,2012,353,200,14.18,-7.5,18.49,37.7,-9,15.8,41.3,-7.5,18.5,230,-7.5,18.49,30,-7.5,18.5,33.3,-7.5,18.49,220,-7.5,18.5,24.6,-8.5,16.69,36.8,-6999,-6999,0,-6999,-6999,0
100,2012,353,300,14.18,-8,17.59,29.6,-9.01,15.79,39.9,-7.5,18.49,24.2,-8,17.59,31,-7.51,18.48,123.1,-8,17.59,7.5,-7.5,18.49,26.6,-9,15.79,38.5,-6999,-6999,0,-6999,-6999,0
100,2012,353,400,14.19,-8.5,16.7,41.1,-10,14,43.3,-8,17.59,26.5,-8.5,16.7,31.1,-8.5,16.7,123.6,-8.5,16.7,7.3,-8,17.59,27.3,-9.5,14.89,38.9,-6999,-6999,0,-6999,-6999,0
100,2012,353,500,14.2,-8.5,16.69,41.3,-10,13.99,44,-8.5,16.69,26.9,-8.5,16.69,225,-8.5,16.69,123.7,-8.5,16.69,220,-8.5,16.69,27.6,-10,13.99,39.5,-6999,-6999,0,-6999,-6999,0
100,2012,353,600,14.21,-9,15.79,41,-10.5,13.09,44.1,-9,15.8,26.4,-9,15.79,225,-9,15.79,123.7,-9,15.79,7.3,-9,15.8,170,-10.5,13.09,39.3,-6999,-6999,0,-6999,-6999,0
100,2012,353,700,14.22,-9.5,14.9,40.5,-11,12.2,43.7,-9,15.79,26.3,-9.5,14.9,225,-9.5,14.9,122.8,-9.5,14.9,220,-9,15.79,26.5,-11,12.2,39,-6999,-6999,0,-6999,-6999,0
100,2012,353,800,14.23,-9.5,14.9,39.6,-11,12.2,43.7,-9.5,14.9,26,-9.5,14.9,225,-9.5,14.9,123.2,-9.5,14.9,220,-9.5,14.9,26.5,-11,12.2,38.8,-6999,-6999,0,-6999,-6999,0
100,2012,353,900,14.24,-9.49,14.92,240,-10.99,12.21,43.5,-9.49,14.92,25.5,-9.5,14.91,225,-9.49,14.92,35,-9.5,14.91,7.9,-9.5,14.91,26.7,-10.99,12.21,38.6,-6999,-6999,0,-6999,-6999,0
100,2012,353,1000,14.22,-8.5,16.71,40,-9.99,14.02,43,-8.49,16.71,25,-8.99,15.82,33.3,-8.49,16.71,119.8,-8.99,15.82,8.7,-8.99,15.82,26.4,-9.99,14.02,38.1,-6999,-6999,0,-6999,-6999,0
100,2012,353,1100,14.21,-7.99,17.62,39.4,-8.99,15.82,41.8,-7.49,18.51,26.3,-7.99,17.61,225,-7.49,18.51,119.7,-7.99,17.61,9.6,-7.99,17.62,26.7,-8.49,16.71,37.8,-6999,-6999,0,-6999,-6999,0
100,2012,353,1200,14.2,-6.504,20.29,39.6,-8,17.59,42,-6.5,20.3,25.8,-7,19.4,182.1,-6.5,20.3,122.5,-7,19.4,8,-6.5,20.3,25.4,-7.5,18.49,38,-6999,-6999,0,-6999,-6999,0
100,2012,353,1300,14.18,-6.992,19.42,36.9,-8.49,16.72,41.3,-6.492,20.32,25.8,-6.992,19.42,182.7,-6.492,20.32,32.9,-6.992,19.42,220,-6.496,20.31,170,-7.99,17.61,37.6,-6999,-6999,0,-6999,-6999,0
100,2012,353,1400,14.16,-5.996,21.21,38.5,-7,19.4,41.3,-5.5,22.1,25.6,-6,21.2,182.7,-5.5,22.1,160,-6,21.2,4.6,-6,21.2,23.4,-6.996,19.41,37.1,-6999,-6999,0,-6999,-6999,0
100,2012,353,1500,14.16,-5.508,22.09,35.6,-7.01,19.39,41.5,-5.508,22.09,25.3,-6.008,21.18,182.8,-5.508,22.09,123.5,-6.008,21.18,5.3,-6.004,21.19,24,-6.512,20.28,36.5,-6999,-6999,0,-6999,-6999,0
100,2012,353,1600,14.15,-6.508,20.29,37.2,-8.01,17.58,41.5,-6.508,20.29,25.2,-7,19.39,182.2,-6.508,20.29,123.6,-7,19.39,4.1,-6.508,20.29,25.1,-8.01,17.58,36.5,-6999,-6999,0,-6999,-6999,0
100,2012,353,1700,14.16,-7.5,18.49,38.2,-9,15.8,38.7,-7.5,18.5,25,-7.5,18.49,181.9,-7.5,18.5,33.3,-7.5,18.49,8.5,-7.5,18.5,25.1,-9,15.8,36.8,-6999,-6999,0,-6999,-6999,0
100,2012,353,1800,14.17,-8,17.6,37.2,-9,15.79,42.1,-7.5,18.5,25.8,-8,17.6,29.2,-7.5,18.5,123.6,-8,17.6,8.7,-7.5,18.5,26.3,-9,15.8,38,-6999,-6999,0,-6999,-6999,0
100,2012,353,1900,14.18,-8,17.59,37.5,-9.5,14.89,41.8,-7.5,18.49,25.5,-8,17.59,30.2,-7.5,18.49,123.6,-8,17.59,7.7,-7.5,18.49,26.1,-9,15.79,38.1,-6999,-6999,0,-6999,-6999,0
100,2012,353,2000,14.18,-8.51,16.68,39.2,-10.01,13.98,41.6,-8.01,17.58,24.9,-8.51,16.68,30.3,-8.01,17.58,121.4,-8.51,16.68,7.4,-8.01,17.58,25.8,-9.51,14.88,37.5,-6999,-6999,0,-6999,-6999,0
100,2012,353,2100,14.2,-9.51,14.89,39.1,-11,12.19,40.2,-9.01,15.79,24.6,-9.51,14.89,183.1,-9.5,14.89,120,-9.51,14.89,6.4,-9.5,14.89,25.5,-11,12.19,37.3,-6999,-6999,0,-6999,-6999,0
100,2012,353,2200,14.22,-10.5,13.09,35.7,-11.51,11.29,39.8,-10,13.99,22.2,-10.5,13.09,183.8,-10,13.99,121,-10.5,13.09,6.4,-10,13.99,24.5,-11.5,11.29,36.7,-6999,-6999,0,-6999,-6999,0
100,2012,353,2300,14.24,-11,12.2,38.8,-12.5,9.5,37.6,-10.5,13.09,24.7,-11,12.2,183.8,-10.5,13.09,122.3,-11,12.19,5.7,-10.5,13.09,25.1,-12,10.39,37.2,-6999,-6999,0,-6999,-6999,0
100,2012,353,2400,14.26,-11,12.19,39,-12.5,9.49,41.5,-11,12.19,23.9,-11,12.19,182.2,-11,12.19,122.9,-11.5,11.3,5.7,-11,12.19,24.6,-12.5,9.49,37.9,-6999,-6999,0,-6999,-6999,0
100,2012,354,100,14.28,-11.51,11.29,38.5,-13.01,8.58,41.3,-11.5,11.29,24,-11.51,11.29,30.3,-11.51,11.29,123.9,-11.51,11.29,5.3,-11.5,11.29,24.7,-13.01,8.58,37.8,-6999,-6999,0,-6999,-6999,0
100,2012,354,200,14.29,-12.5,9.5,37.9,-14,6.8,40.9,-12,10.39,24.3,-12.5,9.49,29.9,-12.5,9.5,123.9,-12.5,9.5,5.3,-12,10.39,24.5,-14,6.8,37.8,-6999,-6999,0,-6999,-6999,0
100,2012,354,300,14.31,-12.5,9.49,38.7,-14,6.792,38.4,-12.5,9.5,24.3,-13,8.6,30.2,-12.5,9.5,123.9,-12.5,9.49,6.6,-12.5,9.5,24.5,-14,6.792,37.9,-6999,-6999,0,-6999,-6999,0
100,2012,354,400,14.32,-13,8.6,39.5,-14.5,5.9,42.9,-12.5,9.49,24,-13,8.59,30.4,-12.5,9.49,124,-13,8.59,8.3,-12.5,9.49,25.6,-14.5,5.9,37.9,-6999,-6999,0,-6999,-6999,0
100,2012,354,500,14.33,-13.01,8.58,44.1,-14.51,5.885,47.3,-13,8.59,26.5,-13.5,7.69,34.9,-13,8.59,124,-13.5,7.69,8.9,-13,8.59,27.9,-14.51,5.885,42.6,-6999,-6999,0,-6999,-6999,0
100,2012,354,600,14.34,-14,6.8,44.1,-15.5,4.1,47.4,-13.5,7.69,26.7,-14,6.792,34.7,-13.5,7.69,123.5,-14,6.792,8.2,-13.5,7.69,27.9,-15.5,4.1,42.6,-6999,-6999,0,-6999,-6999,0
100,2012,354,700,14.36,-14,6.792,44.2,-15.5,4.093,47.6,-14,6.792,26.8,-14.5,5.9,34.7,-14,6.792,124.1,-14.5,5.9,7.5,-14,6.792,28.2,-15.5,4.093,42.7,-6999,-6999,0,-6999,-6999,0
100,2012,354,800,14.37,-14.5,5.9,44.3,-16,3.2,47.5,-14.5,5.9,25.6,-14.5,5.893,33.1,-14.5,5.9,124.1,-14.5,5.9,5.9,-14.5,5.9,27.7,-16,3.2,42.4,-6999,-6999,0,-6999,-6999,0
100,2012,354,900,14.38,-14.5,5.9,44.3,-16,3.2,47.8,-14.5,5.9,26.8,-15,5,35.1,-14.5,5.9,124.1,-14.5,5.893,6.9,-14.5,5.9,27.5,-16,3.2,42.7,-6999,-6999,0,-6999,-6999,0
100,2012,354,1000,14.39,-14.5,5.908,44.1,-15.99,3.215,46.3,-14.49,5.915,26.4,-15,5.008,33.9,-14.49,5.915,123,-14.99,5.015,7.7,-14.5,5.908,27.7,-15.99,3.215,42.4,-6999,-6999,0,-6999,-6999,0
100,2012,354,1100,14.39,-14,6.807,44.3,-15,5,47.1,-13.5,7.7,26,-14.5,5.9,30.6,-13.5,7.7,123,-14,6.8,6.2,-14,6.8,28.3,-15,5,42.8,-6999,-6999,0,-6999,-6999,0
100,2012,354,1200,14.39,-13.5,7.7,43.5,-15,5,47.1,-13.5,7.7,26.5,-14.5,5.908,36.1,-13.5,7.7,37,-14,6.8,7.7,-14,6.8,28.5,-15,5.008,42.2,-6999,-6999,0,-6999,-6999,0
100,2012,354,1300,14.38,-13.5,7.69,43.7,-15,4.992,47.1,-13.5,7.69,26.1,-14,6.792,36.6,-13.5,7.69,37.1,-14,6.8,5.7,-14,6.8,28.2,-14.51,5.885,42.6,-6999,-6999,0,-6999,-6999,0
100,2012,354,1400,14.38,-14,6.807,44,-15.5,4.108,47.3,-13.99,6.815,25.5,-14.5,5.908,37,-14,6.807,37,-14,6.807,220,-14,6.807,28.4,-15.49,4.115,42.2,-6999,-6999,0,-6999,-6999,0
100,2012,354,1500,14.37,-13.51,7.69,43.4,-15.01,4.985,44.3,-13.01,8.58,26.9,-14,6.792,181.8,-13.51,7.69,35.9,-13.51,7.69,10.2,-13.51,7.69,25.6,-14.51,5.878,42.4,-6999,-6999,0,-6999,-6999,0
100,2012,354,1600,14.38,-14.51,5.885,43.7,-16.01,3.185,46.8,-14.01,6.785,27.7,-14.51,5.885,184.3,-14.5,5.893,36.5,-14.51,5.885,11,-14.51,5.885,28.3,-16.01,3.185,41.3,-6999,-6999,0,-6999,-6999,0
100,2012,354,1700,14.39,-15.51,4.078,43.3,-17.01,1.378,46.4,-15.02,4.97,28,-15.51,4.078,182.6,-15.02,4.97,36.5,-15.51,4.078,10.6,-15.51,4.078,27.2,-17.01,1.378,41.3,-6999,-6999,0,-6999,-6999,0
100,2012,354,1800,14.41,-17.01,1.385,42.7,-18.51,-1.315,45.8,-17,1.393,27.2,-17.01,1.385,35.4,-17.01,1.385,36.3,-17.01,1.385,10.5,-17.01,1.385,27.7,-18.51,-1.315,41.5,-6999,-6999,0,-6999,-6999,0
100,2012,354,1900,14.44,-18,-.4,43.7,-19.5,-3.1,46.6,-17.5,.5,28.5,-18,-.4,37,-18,-.4,37.2,-18,-.4,11,-18,-.4,29.3,-19.5,-3.1,41.7,-6999,-6999,0,-6999,-6999,0
100,2012,354,2000,14.46,-18,-.407,42.4,-19.5,-3.108,48.5,-17.51,.485,28.1,-18,-.407,37.8,-18,-.407,38.6,-18,-.407,12.1,-18,-.407,31.1,-19.5,-3.108,43.7,-6999,-6999,0,-6999,-6999,0
100,2012,354,2100,14.48,-18.5,-1.307,43.1,-20,-4.007,49,-18.5,-1.307,31.6,-18.5,-1.307,39.9,-18.5,-1.307,39.2,-18.5,-1.307,13.6,-18.5,-1.307,31.7,-20,-4.007,44.2,-6999,-6999,0,-6999,-6999,0
100,2012,354,2200,14.5,-19,-2.2,45,-20.5,-4.9,49.8,-19,-2.2,31.5,-19,-2.2,39.3,-19,-2.2,38.7,-19,-2.2,13.9,-19,-2.2,31.2,-20.5,-4.9,43.9,-6999,-6999,0,-6999,-6999,0
100,2012,354,2300,14.51,-19,-2.192,44.8,-20.5,-4.892,49,-19,-2.192,30.9,-19,-2.2,38.3,-19,-2.192,38.6,-19,-2.192,10.4,-19,-2.192,31,-20.5,-4.892,43.7,-6999,-6999,0,-6999,-6999,0
100,2012,354,2400,14.52,-18.5,-1.307,44.3,-20,-4.007,36.4,-18.5,-1.3,30.6,-19,-2.2,37.2,-18.5,-1.307,38.2,-18.5,-1.3,9.4,-18.5,-1.3,31,-20,-4.007,42.5,-6999,-6999,0,-6999,-6999,0
100,2012,355,100,14.52,-19,-2.2,44,-20.5,-4.9,43.1,-18.5,-1.3,30.8,-19,-2.2,37.3,-19,-2.2,37.8,-18.5,-1.307,12,-18.5,-1.307,30,-20.5,-4.9,42,-6999,-6999,0,-6999,-6999,0
100,2012,355,200,14.52,-19,-2.2,44,-20.5,-4.9,48.4,-18.5,-1.3,30.8,-19,-2.2,38.7,-19,-2.192,36.7,-19,-2.192,12.1,-19,-2.2,29.5,-20.5,-4.9,42,-6999,-6999,0,-6999,-6999,0
100,2012,355,300,14.52,-18.99,-2.177,43.8,-20.49,-4.877,48.3,-18.49,-1.285,30.6,-18.99,-2.177,38.6,-18.49,-1.285,37.5,-18.49,-1.285,12.4,-18.99,-2.177,29.6,-20.49,-4.877,42,-6999,-6999,0,-6999,-6999,0
100,2012,355,400,14.5,-17.48,.53,43.7,-18.98,-2.17,47.8,-17.48,.53,30.5,-17.49,.522,183.6,-17.48,.53,37.4,-17.48,.53,12.8,-17.48,.53,29.7,-18.98,-2.17,41.3,-6999,-6999,0,-6999,-6999,0
100,2012,355,500,14.48,-15.49,4.123,43.7,-16.99,1.423,47.9,-15.49,4.123,29.9,-15.99,3.223,184.2,-15.49,4.115,37.7,-15.49,4.115,13.4,-15.49,4.115,30.1,-16.99,1.415,42.4,-6999,-6999,0,-6999,-6999,0
100,2012,355,600,14.44,-14,6.8,43.7,-15.5,4.1,47.4,-14,6.8,29.9,-14.5,5.9,182.5,-14.5,5.908,37.6,-14.5,5.908,13.3,-14.5,5.908,29.8,-16,3.208,42.3,-6999,-6999,0,-6999,-6999,0
100,2012,355,700,14.43,-14,6.807,44,-15.5,4.108,48.4,-14,6.807,30.2,-14.49,5.915,182.4,-14,6.807,37.5,-14,6.807,11.8,-14,6.807,30,-15.5,4.108,41,-6999,-6999,0,-6999,-6999,0
100,2012,355,800,14.41,-13.49,7.72,43.1,-14.99,5.015,47.6,-13.49,7.72,29.8,-13.5,7.71,37.8,-13.49,7.72,37.2,-13.49,7.72,12,-13.49,7.72,29.7,-14.99,5.015,41.8,-6999,-6999,0,-6999,-6999,0
100,2012,355,900,14.38,-12.49,9.52,42.2,-13.99,6.815,47.5,-12.49,9.52,28.8,-12.99,8.61,184,-12.49,9.52,133.1,-12.49,9.52,11.3,-12.49,9.52,29.8,-13.98,6.83,40,-6999,-6999,0,-6999,-6999,0
100,2012,355,1000,14.34,-11.49,11.32,42.8,-12.99,8.61,47,-11.49,11.32,29.6,-11.99,10.42,183.7,-11.49,11.32,133.8,-11.49,11.32,12.4,-11.49,11.32,29.7,-12,10.41,40.9,-6999,-6999,0,-6999,-6999,0
100,2012,355,1100,14.31,-10.5,13.11,43,-11.99,10.42,46,-10.49,13.11,29.9,-10.5,13.11,37.5,-10.5,13.11,133,-10,14,13,-10,14.01,29.9,-11.49,11.32,40.9,-6999,-6999,0,-6999,-6999,0
100,2012,355,1200,14.28,-9.99,14.02,43.6,-11,12.21,45.5,-9.49,14.92,30.1,-9.99,14.02,36.1,-9.99,14.02,132.5,-9.98,14.03,11.1,-9.49,14.92,29.5,-10.49,13.11,36.2,-6999,-6999,0,-6999,-6999,0
100,2012,355,1300,14.26,-8.99,15.82,42.7,-10.49,13.12,45.4,-8,17.6,30.6,-8.99,15.82,182.8,-8.97,15.86,36.5,-8,17.61,12.1,-7.99,17.61,29.4,-9.49,14.92,38.4,-6999,-6999,0,-6999,-6999,0
100,2012,355,1400,14.24,-8,17.6,42.7,-9,15.79,47.1,-8,17.6,30.1,-7.5,18.49,182.9,-5.025,22.95,36.7,-7.5,18.49,12.8,-7,19.39,29.2,-8.5,16.69,40.4,-6999,-6999,0,-6999,-6999,0
100,2012,355,1500,14.24,-8,17.6,42.7,-9.5,14.9,46.6,-8,17.59,30.1,-8,17.59,182.9,-8,17.6,132.5,-8,17.6,13.3,-7.5,18.5,29,-9,15.8,40.4,-6999,-6999,0,-6999,-6999,0
100,2012,355,1600,14.24,-8,17.59,42.4,-9.5,14.89,45.9,-8.5,16.7,30.1,-8.5,16.7,182.9,-8,17.59,36.8,-8,17.59,13.1,-7.5,18.49,28.9,-9,15.79,40.2,-6999,-6999,0,-6999,-6999,0
100,2012,355,1700,14.24,-8.5,16.71,42.3,-10,14,46.1,-8.5,16.71,29.8,-8.5,16.7,182.9,-8.5,16.71,36.2,-8.5,16.71,12.8,-8,17.6,28.9,-9.5,14.9,40.2,-6999,-6999,0,-6999,-6999,0
100,2012,355,1800,14.24,-8,17.6,41.9,-10,14,46.3,-8,17.59,29.6,-8.5,16.7,182.9,-8,17.59,36.3,-8,17.6,12.9,-8,17.6,28.9,-9.5,14.9,40.2,-6999,-6999,0,-6999,-6999,0
100,2012,355,1900,14.24,-8,17.61,41.7,-10,14.01,46.6,-8.5,16.71,29.6,-8.5,16.71,182.2,-8.49,16.71,36.1,-8,17.61,12.7,-8,17.61,28.6,-9.5,14.91,40.1,-6999,-6999,0,-6999,-6999,0
100,2012,355,2000,14.23,-7.5,18.51,41.9,-9.49,14.92,46.4,-7.99,17.61,29.4,-8,17.61,182,-7.5,18.51,132.4,-7.5,18.51,12.9,-7.5,18.51,28.6,-9,15.81,39.9,-6999,-6999,0,-6999,-6999,0
100,2012,355,2100,14.22,-7,19.4,41.9,-8.5,16.7,46.2,-7,19.4,28.9,-7.5,18.5,182.2,-7,19.39,132.4,-7,19.4,12.9,-6.996,19.41,28.3,-8.5,16.7,39.9,-6999,-6999,0,-6999,-6999,0
100,2012,355,2200,14.21,-6.992,19.42,41.7,-8.49,16.71,46.3,-6.992,19.42,28.8,-7.49,18.51,182.8,-7.49,18.52,133.7,-6.992,19.42,13.1,-6.496,20.31,28.5,-8.49,16.71,39.6,-6999,-6999,0,-6999,-6999,0
100,2012,355,2300,14.2,-6,21.2,213.2,-7.5,18.51,46.2,-5.996,21.21,28.7,-6.496,20.31,183.4,-6,21.2,133.7,-6,21.2,12.5,-5.996,21.21,28.2,-7.5,18.51,39.4,-6999,-6999,0,-6999,-6999,0
100,2012,355,2400,14.18,-5.996,21.21,213.6,-7,19.4,46.2,-5.5,22.1,29.2,-5.996,21.21,183.3,-5.996,21.21,133.3,-5.996,21.21,12.8,-5.496,22.11,28.1,-6.996,19.41,39.2,-6999,-6999,0,-6999,-6999,0
100,2012,356,100,14.17,-5.496,22.11,214.1,-6.996,19.41,45.7,-5.496,22.11,28.8,-5.496,22.11,182.6,-5.496,22.11,132.8,-5.496,22.11,12.7,-4.996,23.01,28,-6.496,20.31,39.1,-6999,-6999,0,-6999,-6999,0
100,2012,356,200,14.16,-4.996,23.01,214.1,-6.496,20.31,46.2,-4.996,23.01,29,-4.996,23.01,183.3,-4.996,23.01,131.8,-4.996,23.01,12.7,-4.496,23.91,27.7,-5.996,21.21,38.9,-6999,-6999,0,-6999,-6999,0
100,2012,356,300,14.15,-4.504,23.89,214.1,-6.004,21.19,45.2,-4.504,23.89,28.2,-4.504,23.89,183.3,-4.504,23.89,132.3,-4.504,23.89,12.4,-4.008,24.79,27.6,-5.508,22.09,38.1,-6999,-6999,0,-6999,-6999,0
100,2012,356,400,14.15,-5.012,22.98,214.2,-6.512,20.28,45.8,-5.012,22.98,28.6,-5.012,22.98,183.4,-5.012,22.98,133.7,-5.012,22.98,12.5,-5.008,22.98,27.7,-6.508,20.29,38.1,-6999,-6999,0,-6999,-6999,0
100,2012,356,500,14.15,-6.504,20.29,40.1,-8,17.59,44.9,-6.504,20.29,28.1,-6.504,20.29,181.8,-6.504,20.29,132.4,-6.504,20.29,12.1,-6.012,21.18,27.4,-7.51,18.48,38,-6999,-6999,0,-6999,-6999,0
100,2012,356,600,14.17,-7,19.4,40.1,-8.5,16.7,45.1,-7,19.4,28.2,-7,19.4,181.8,-7,19.4,134.2,-7,19.4,12.4,-7.5,18.51,28,-9,15.81,37.7,-6999,-6999,0,-6999,-6999,0
100,2012,356,700,14.18,-7,19.4,40.1,-8.5,16.7,44.8,-7,19.4,28.2,-7,19.4,35.6,-7,19.39,134.2,-7,19.4,12.1,-7,19.4,28,-8.5,16.7,38.1,-6999,-6999,0,-6999,-6999,0
100,2012,356,800,14.2,-7.01,19.39,40,-8.51,16.68,44.6,-7.01,19.39,28.2,-7.01,19.39,35.2,-7.51,18.48,133.7,-7.01,19.39,11.9,-7.01,19.39,27.1,-8.51,16.68,38.1,-6999,-6999,0,-6999,-6999,0
100,2012,356,900,14.21,-7.98,17.63,39.7,-9.48,14.93,44.5,-7.99,17.62,28.1,-7.99,17.62,182.8,-8.48,16.73,132.8,-7.99,17.62,12,-7.99,17.62,27.3,-9.48,14.93,37.8,-6999,-6999,0,-6999,-6999,0
100,2012,356,1000,14.18,-5.979,21.24,39.7,-7.48,18.54,44.4,-6.475,20.35,27.9,-6.475,20.35,183.1,-6.475,20.35,123.6,-6.471,20.35,11.4,-6.471,20.35,27,-7.47,18.55,37,-6999,-6999,0,-6999,-6999,0
100,2012,356,1100,14.13,-3.492,25.71,39.3,-4.992,23.01,44.2,-3.492,25.71,27.7,-3.496,25.71,183.1,-3.496,25.71,123.6,-3,26.6,11.6,-3,26.6,27,-4,24.8,36.6,-6999,-6999,0,-6999,-6999,0
100,2012,356,1200,14.09,-2.483,27.53,39.1,-3.983,24.83,43.9,-2.483,27.53,27.5,-2.979,26.64,182.9,-2.983,26.63,133.9,-2.979,26.64,11.2,-2.979,26.64,26.7,-3.979,24.84,36,-6999,-6999,0,-6999,-6999,0
100,2012,356,1300,14.06,-.504,31.09,39.3,-2.004,28.39,44.2,-.504,31.09,27.6,-.504,31.09,183,-1,30.2,133.9,-.5,31.1,11,-.5,31.1,26.9,-1.504,29.29,36.5,-6999,-6999,0,-6999,-6999,0
100,2012,356,1400,14.04,-.987,30.22,38.7,-2.487,27.52,44.1,-.987,30.22,27.4,-.992,30.21,182.9,-.987,30.22,133.8,-.492,31.12,10.3,-.492,31.12,26.6,-1.992,28.41,35.9,-6999,-6999,0,-6999,-6999,0
100,2012,356,1500,14.03,.492,32.88,39.1,-1.008,30.18,44.3,.492,32.88,27.5,-.008,31.98,183,.487,32.88,133.4,.487,32.88,10.7,.487,32.88,26.5,-1.008,30.18,35.9,-6999,-6999,0,-6999,-6999,0
100,2012,356,1600,14.02,-.517,31.07,39.3,-2.012,28.38,44.1,-.517,31.07,27.7,-1.012,30.18,183.1,-1.017,30.17,133.5,-1.012,30.18,11.1,-1.021,30.16,26.7,-2.021,28.36,36.8,-6999,-6999,0,-6999,-6999,0
100,2012,356,1700,14.04,-2.504,27.49,39,-3.508,25.68,44.2,-2.504,27.49,27.4,-2.508,27.48,183.1,-3.004,26.59,133.2,-2.504,27.49,9.1,-3.5,25.7,26.5,-4.504,23.89,36.6,-6999,-6999,0,-6999,-6999,0
100,2012,356,1800,14.06,-3.008,26.59,38.5,-4.508,23.88,44.4,-3.004,26.59,26.9,-3.504,25.69,183.3,-3.504,25.69,132.2,-3.008,26.59,10.3,-3.504,25.69,26.5,-5,23,36.6,-6999,-6999,0,-6999,-6999,0
100,2012,356,1900,14.08,-4.012,24.78,39.1,-5.512,22.08,43.6,-3.517,25.67,26.9,-4.017,24.77,183.4,-4.017,24.77,134.2,-4.012,24.78,9.8,-4.017,24.77,26.2,-5.021,22.96,36.3,-6999,-6999,0,-6999,-6999,0
100,2012,356,2000,14.1,-5.512,22.08,38.8,-7.01,19.39,43.6,-5.508,22.09,27.1,-6.008,21.18,182.8,-6.012,21.18,133.4,-5.512,22.08,9.6,-6.012,21.18,26.3,-7.51,18.48,36.5,-6999,-6999,0,-6999,-6999,0
100,2012,356,2100,14.14,-7.01,19.39,38.6,-8.01,17.58,43.3,-6.512,20.28,27.2,-7.01,19.39,182.2,-7.5,18.49,123.9,-7.01,19.39,9.8,-7.5,18.49,26.1,-9,15.79,36.2,-6999,-6999,0,-6999,-6999,0
100,2012,356,2200,14.17,-8,17.59,38.3,-9.5,14.89,43.2,-8,17.59,27,-8,17.59,181.9,-8,17.59,123.9,-8,17.59,9.8,-8,17.59,26,-9.5,14.89,36.3,-6999,-6999,0,-6999,-6999,0
100,2012,356,2300,14.19,-8.5,16.71,38.2,-10,14,43.5,-8.5,16.7,27,-8.5,16.7,181.3,-8.5,16.7,123.9,-8.5,16.7,9.8,-8.5,16.71,25.9,-10,14,36.3,-6999,-6999,0,-6999,-6999,0
100,2012,356,2400,14.21,-7.99,17.62,39.4,-9.98,14.03,45.2,-8.48,16.73,27.1,-8.48,16.73,182.8,-8.48,16.73,133.7,-8.47,16.74,10.7,-7.99,17.62,25.9,-9.98,14.03,35.7,-6999,-6999,0,-6999,-6999,0
100,2012,357,100,14.19,-6.475,20.35,213,-7.97,17.64,42.9,-6.475,20.35,26.4,-6.479,20.34,183.3,-6.479,20.34,132.7,-5.483,22.13,8.5,-6.479,20.34,25.8,-7.97,17.64,35.1,-6999,-6999,0,-6999,-6999,0
100,2012,357,200,14.16,-3.496,25.71,213.5,-4.996,23.01,43.4,-3.496,25.71,26.2,-3.992,24.82,183.1,-3.992,24.82,129.4,-3.496,25.71,10.2,-3.992,24.82,25.7,-4.996,23.01,35.3,-6999,-6999,0,-6999,-6999,0
100,2012,357,300,14.13,-2.992,26.62,213.9,-4.492,23.91,43.3,-2.996,26.61,26.5,-2.996,26.61,182.4,-2.992,26.62,122.7,-2.992,26.62,9.7,-2.992,26.62,25.4,-4.492,23.91,34.9,-6999,-6999,0,-6999,-6999,0
100,2012,357,400,14.11,-2,28.4,213.9,-3.504,25.69,43,-2.496,27.51,26.2,-2.5,27.5,182.4,-2,28.4,32,-2,28.4,10.1,-1.996,28.41,25.3,-3.5,25.7,35.2,-6999,-6999,0,-6999,-6999,0
100,2012,357,500,14.1,-2.004,28.39,213.9,-3.996,24.81,42.7,-2,28.4,26.2,-2.5,27.5,182.4,-2.004,28.39,32.1,-2.004,28.39,10.4,-1.504,29.29,25.8,-3.5,25.7,34.9,-6999,-6999,0,-6999,-6999,0
100,2012,357,600,14.09,-2.496,27.51,213.9,-3.5,25.7,42.3,-2.004,28.39,25.9,-2.5,27.5,181.6,-2.5,27.5,31.6,-2.5,27.5,10.1,-2,28.4,25.3,-3.5,25.7,34.9,-6999,-6999,0,-6999,-6999,0
100,2012,357,700,14.09,-2.004,28.39,213.9,-3.504,25.69,42.5,-2.5,27.5,26,-2.5,27.5,33.2,-2.5,27.5,32.1,-2.5,27.5,9.9,-2.004,28.39,25.2,-3.504,25.69,35.2,-6999,-6999,0,-6999,-6999,0
100,2012,357,800,14.08,-2.5,27.5,213.9,-4,24.8,43.2,-2.5,27.5,26,-2.5,27.5,180.6,-2.5,27.5,32.1,-2.5,27.5,8.8,-2.5,27.5,25.2,-4,24.8,35.2,-6999,-6999,0,-6999,-6999,0
100,2012,357,900,14.08,-2.487,27.52,213.9,-3.987,24.82,42.6,-2.487,27.52,26.3,-2.487,27.52,181.3,-2.487,27.52,133.9,-2.483,27.53,9.3,-2.483,27.53,24.9,-3.967,24.86,33.7,-6999,-6999,0,-6999,-6999,0
100,2012,357,1000,14.05,-.992,30.21,213.8,-2.492,27.51,42.6,-.992,30.21,25.8,-.992,30.21,182.9,-.996,30.21,133.9,-.492,31.12,9.4,-.496,31.11,24.4,-.012,31.98,34.2,-6999,-6999,0,-6999,-6999,0
100,2012,357,1100,14.02,.008,32.01,213.8,-1.492,29.32,42.3,.012,32.02,25.9,.012,32.02,183.4,-.487,31.12,133.8,.508,32.91,9.4,.008,32.01,24.5,-1.483,29.33,33.9,-6999,-6999,0,-6999,-6999,0
100,2012,357,1200,14,1,33.8,212.5,-.5,31.1,42.1,1.496,34.69,25.3,1.496,34.69,183.4,1,33.8,133.3,1.496,34.69,9.4,1.004,33.81,24.5,.496,32.89,33.7,-6999,-6999,0,-6999,-6999,0
100,2012,357,1300,13.99,1.004,33.81,213,-.496,31.11,42.1,1.004,33.81,25.4,1.004,33.81,183.4,1.012,33.82,30.9,1.004,33.81,9.6,1.5,34.7,24.5,.004,32.01,33.9,-6999,-6999,0,-6999,-6999,0
100,2012,357,1400,13.98,1.492,34.68,213,-.008,31.98,42.8,1.496,34.69,25.3,1.492,34.68,183.5,2.483,36.47,133.3,1.492,34.68,9.9,1.492,34.68,24.5,.492,32.88,33.9,-6999,-6999,0,-6999,-6999,0
100,2012,357,1500,13.98,.492,32.88,212.6,-1.004,30.19,42,.992,33.79,25.5,.496,32.89,183.2,.492,32.88,133.4,.487,32.88,9.5,.487,32.88,24.5,-.517,31.07,33.7,-6999,-6999,0,-6999,-6999,0
100,2012,357,1600,13.99,-.504,31.09,36,-1.508,29.29,42.9,-.008,31.98,25.3,-.008,31.98,183,-.504,31.09,31,-1.004,30.19,9.7,-1,30.2,24.4,-2.5,27.5,33.7,-6999,-6999,0,-6999,-6999,0
100,2012,357,1700,14,-1.008,30.18,213.4,-2.508,27.48,41.8,-1.008,30.18,25.2,-1.008,30.18,183,-1.012,30.18,123.5,-1.504,29.29,9.2,-1.008,30.18,24.3,-2.508,27.48,33.8,-6999,-6999,0,-6999,-6999,0
100,2012,357,1800,14.02,-2.004,28.39,213.4,-3.504,25.69,42.2,-2.004,28.39,25.2,-2.004,28.39,183.1,-2.5,27.5,123.2,-2,28.4,9.6,-2,28.4,24.3,-3.504,25.69,34,-6999,-6999,0,-6999,-6999,0
100,2012,357,1900,14.05,-2.5,27.5,213.9,-4,24.8,41.1,-2.5,27.5,25.2,-2.5,27.5,183.1,-2.504,27.49,123.3,-2.004,28.39,9.4,-2.008,28.38,24.5,-4,24.8,34,-6999,-6999,0,-6999,-6999,0
100,2012,357,2000,14.06,-2.5,27.5,213.9,-4,24.8,41.2,-2.5,27.5,24.9,-2.5,27.5,182.4,-2.996,26.61,123.2,-2.5,27.5,9.3,-2.996,26.61,23.9,-3.996,24.81,33.8,-6999,-6999,0,-6999,-6999,0
100,2012,357,2100,14.07,-2.5,27.5,213.9,-4.004,24.79,41.9,-2.504,27.49,24.9,-2.504,27.49,182.4,-2.504,27.49,30.4,-2.504,27.49,9.4,-2.5,27.5,24.4,-3.508,25.68,33.3,-6999,-6999,0,-6999,-6999,0
100,2012,357,2200,14.07,-2.5,27.5,213.9,-4.496,23.91,41.1,-2.996,26.61,25.2,-2.996,26.61,182.4,-2.996,26.61,123.2,-2.996,26.61,8.9,-2.496,27.51,23.1,-4.492,23.91,32.6,-6999,-6999,0,-6999,-6999,0
100,2012,357,2300,14.08,-2.5,27.5,213.9,-4,24.8,41.4,-2.5,27.5,24.7,-2.5,27.5,181.4,-2.5,27.5,30.3,-2.5,27.5,9.3,-2,28.4,24.3,-3.5,25.7,33.8,-6999,-6999,0,-6999,-6999,0
100,2012,357,2400,14.08,-2.5,27.5,213.9,-4,24.8,41.7,-2.5,27.5,24.6,-2.5,27.5,181.3,-2.5,27.5,30.8,-2.5,27.5,9.3,-2.004,28.39,24.4,-3.504,25.69,32.8,-6999,-6999,0,-6999,-6999,0
100,2012,358,100,14.08,-2.5,27.5,213.9,-4,24.8,41.9,-2.5,27.5,24.9,-2.504,27.49,181.3,-2.504,27.49,30.4,-2.504,27.49,8.8,-2.5,27.5,24.1,-4,24.8,32.8,-6999,-6999,0,-6999,-6999,0
100,2012,358,200,14.08,-2.508,27.48,214,-4.008,24.79,41.7,-2.508,27.48,24.8,-3.004,26.59,31.2,-3.004,26.59,30.5,-3.004,26.59,8.8,-2.504,27.49,24,-4.004,24.79,32.7,-6999,-6999,0,-6999,-6999,0
100,2012,358,300,14.08,-3.5,25.7,214,-5,23,41.7,-3.5,25.7,24.6,-3.5,25.7,31,-3.5,25.7,30,-3.5,25.7,9,-3.004,26.59,24.2,-4.504,23.89,33.1,-6999,-6999,0,-6999,-6999,0
100,2012,358,400,14.09,-3.504,25.69,214,-5.004,22.99,41.4,-3.504,25.69,24.4,-3.504,25.69,31.6,-3.504,25.69,30.2,-3.504,25.69,8.6,-3.504,25.69,24.2,-5.004,22.99,33,-6999,-6999,0,-6999,-6999,0
100,2012,358,500,14.1,-4.004,24.79,214.1,-5.504,22.09,41.1,-4.004,24.79,24.4,-4.004,24.79,31.4,-4.004,24.79,29.9,-4.004,24.79,8.8,-4.004,24.79,23.9,-5.504,22.09,32.8,-6999,-6999,0,-6999,-6999,0
100,2012,358,600,14.11,-4.504,23.89,212.8,-6.004,21.19,41,-4.504,23.89,24.4,-4.508,23.88,31.6,-4.508,23.88,123.5,-4.508,23.88,8.8,-4.504,23.89,23.6,-6.004,21.19,33,-6999,-6999,0,-6999,-6999,0
100,2012,358,700,14.12,-5.008,22.98,211.9,-6.508,20.29,41,-5.004,22.99,24.1,-5.504,22.09,31.6,-5.504,22.09,30.2,-5.504,22.09,8.5,-5.004,22.99,23.6,-6.504,20.29,33.2,-6999,-6999,0,-6999,-6999,0
100,2012,358,800,14.14,-5.996,21.21,35.9,-7.5,18.51,41,-5.5,22.1,24.4,-5.996,21.21,31.4,-5.996,21.21,30,-5.996,21.21,8.5,-5.5,22.1,23.6,-7,19.4,33.2,-6999,-6999,0,-6999,-6999,0
100,2012,358,900,14.14,-5.496,22.11,35,-6.996,19.41,41.1,-5.496,22.11,24.2,-5.496,22.11,181.5,-5.496,22.11,132.3,-5.496,22.11,8.5,-5.496,22.11,23.6,-6.979,19.44,32.3,-6999,-6999,0,-6999,-6999,0
100,2012,358,1000,14.13,-4.992,23.01,35.4,-6.492,20.32,40.8,-4.992,23.01,24.2,-4.987,23.02,181.7,-4.992,23.01,124.3,-4.987,23.02,8.2,-4.992,23.01,23.5,-4.504,23.89,32.5,-6999,-6999,0,-6999,-6999,0
100,2012,358,1100,14.1,-3.996,24.81,35.1,-5.496,22.11,41.1,-3.992,24.82,23.9,-3.5,25.7,183.5,-3.996,24.81,124.2,-3.5,25.7,8.2,-3.992,24.82,23.2,-4.996,23.01,32.7,-6999,-6999,0,-6999,-6999,0
100,2012,358,1200,14.08,-3.5,25.7,35.1,-5,23,40.6,-3.004,26.59,23.8,-3.5,25.7,183.1,-3.5,25.7,29.7,-3.5,25.7,7.9,-3,26.6,23.2,-4.5,23.9,32.7,-6999,-6999,0,-6999,-6999,0
100,2012,358,1300,14.08,-3.508,25.68,34.9,-5.008,22.98,40.7,-3.508,25.68,24,-3.508,25.68,183.6,-3.496,25.71,29.1,-3.508,25.68,8.1,-3.008,26.59,23.2,-4.508,23.88,32.6,-6999,-6999,0,-6999,-6999,0
100,2012,358,1400,14.09,-4.504,23.89,35,-6.004,21.19,40.5,-4.504,23.89,23.9,-4.504,23.89,183.3,-3.017,26.57,29.6,-4.504,23.89,8.3,-4.008,24.79,23.5,-5.504,22.09,31.6,-6999,-6999,0,-6999,-6999,0
100,2012,358,1500,14.1,-5,23,34.7,-6.5,20.3,39.8,-5,23,23.2,-5,23,183.9,-5,23,29.6,-5,23,8,-5,23,23.2,-6.004,21.19,31.7,-6999,-6999,0,-6999,-6999,0
100,2012,358,1600,14.11,-5.008,22.98,35.1,-6.504,20.29,40.2,-5.004,22.99,23.6,-5.008,22.98,184,-5.008,22.98,29.2,-5.008,22.98,8.2,-5.004,22.99,23.3,-6.504,20.29,31.7,-6999,-6999,0,-6999,-6999,0
100,2012,358,1700,14.13,-6.004,21.19,34.9,-7.01,19.39,39.9,-5.508,22.09,23.2,-6.004,21.19,184.3,-6.004,21.19,29.3,-6.004,21.19,8.1,-5.508,22.09,23.2,-7.01,19.39,31.6,-6999,-6999,0,-6999,-6999,0
100,2012,358,1800,14.15,-6.5,20.3,34.9,-8,17.6,39.5,-6.5,20.3,23.2,-6.5,20.3,184,-6.5,20.3,29,-6.5,20.3,7.8,-6.496,20.31,23.1,-8,17.6,31.6,-6999,-6999,0,-6999,-6999,0
100,2012,358,1900,14.16,-6.5,20.3,34.9,-8,17.6,39.2,-6.5,20.3,23.3,-6.504,20.29,183.8,-6.5,20.3,29,-6.5,20.3,7.9,-6.004,21.19,23.1,-8,17.6,31.6,-6999,-6999,0,-6999,-6999,0
100,2012,358,2000,14.18,-6.496,20.31,34.7,-8,17.61,39.8,-6.496,20.31,23.1,-6.992,19.42,183.7,-6.496,20.31,29.2,-6.496,20.31,8,-6.492,20.32,23.1,-8,17.61,31.7,-6999,-6999,0,-6999,-6999,0
100,2012,358,2100,14.17,-5.992,21.21,34.4,-7.5,18.51,39.4,-5.992,21.21,23.1,-5.996,21.21,183.9,-5.996,21.21,132.3,-5.996,21.21,8,-5.496,22.11,23.2,-7.49,18.51,31.6,-6999,-6999,0,-6999,-6999,0
100,2012,358,2200,14.16,-5.004,22.99,34.1,-7,19.4,39,-5.004,22.99,23.1,-5.5,22.1,183.9,-5.5,22.1,132.8,-5.5,22.1,7.8,-5.004,22.99,23.1,-6.504,20.29,31.2,-6999,-6999,0,-6999,-6999,0
100,2012,358,2300,14.16,-5.5,22.1,34.1,-7,19.4,39.4,-5.5,22.1,23.3,-5.5,22.1,183.9,-5.5,22.1,132.3,-5.5,22.1,8,-5.496,22.11,23,-6.996,19.41,31.6,-6999,-6999,0,-6999,-6999,0
100,2012,358,2400,14.16,-5.5,22.1,34.1,-7,19.4,39.7,-5.5,22.1,22.9,-5.5,22.1,183.9,-5.5,22.1,28.8,-5.5,22.1,7.8,-5.004,22.99,22.9,-6.504,20.29,31.2,-6999,-6999,0,-6999,-6999,0
100,2012,359,100,14.15,-5.5,22.1,34.1,-7,19.4,39.7,-5.5,22.1,22.9,-5.504,22.09,183.7,-5.5,22.1,132.3,-5.5,22.1,7.8,-5.5,22.1,22.9,-7,19.4,31.2,-6999,-6999,0,-6999,-6999,0
100,2012,359,200,14.15,-5.496,22.11,33.9,-6.996,19.41,38.7,-5.496,22.11,23.1,-5.992,21.21,183.6,-5.496,22.11,132.3,-5.496,22.11,8,-5.496,22.11,23,-6.996,19.41,31.6,-6999,-6999,0,-6999,-6999,0
100,2012,359,300,14.14,-5,23,33.9,-6.5,20.3,39,-5,23,22.9,-5,23,183.3,-5,23,132.3,-5,23,7.8,-5,23,22.5,-6.5,20.3,31,-6999,-6999,0,-6999,-6999,0
100,2012,359,400,14.14,-5,23,33.9,-6.5,20.3,38.7,-5,23,22.7,-5.004,22.99,183.6,-5.004,22.99,132.8,-5.004,22.99,8,-5,23,22.5,-6.5,20.3,31,-6999,-6999,0,-6999,-6999,0
100,2012,359,500,14.14,-5.008,22.98,33.3,-6.504,20.29,38.6,-5.004,22.99,22.8,-5.504,22.09,183.4,-5.5,22.1,132.8,-5.504,22.09,8,-5.008,22.98,22.1,-6.508,20.29,31.4,-6999,-6999,0,-6999,-6999,0
100,2012,359,600,14.14,-6.017,21.17,33.3,-7.02,19.37,38.4,-5.517,22.07,22.7,-6.017,21.17,182.9,-5.521,22.06,28.5,-6.017,21.17,7.9,-6.012,21.18,21.8,-7.52,18.47,31.6,-6999,-6999,0,-6999,-6999,0
100,2012,359,700,14.16,-8.01,17.58,33.1,-9.01,15.78,39,-7.51,18.48,22.8,-8.01,17.58,29.6,-8.01,17.58,28.8,-8.01,17.58,7.7,-7.51,18.48,22.1,-9.51,14.89,31.9,-6999,-6999,0,-6999,-6999,0
100,2012,359,800,14.2,-9,15.81,33.2,-10.5,13.11,38.9,-8.99,15.82,22.8,-9,15.81,29.7,-9,15.81,28.6,-9,15.81,7.9,-8.99,15.82,21.7,-10.49,13.11,31.6,-6999,-6999,0,-6999,-6999,0
100,2012,359,900,14.2,-8.47,16.75,32.9,-9.97,14.05,38.5,-7.97,17.64,22.7,-8.47,16.74,183.6,-8.47,16.75,28.3,-8.47,16.74,7.8,-7.98,17.64,20,-9.47,14.95,31,-6999,-6999,0,-6999,-6999,0
100,2012,359,1000,14.16,-4.996,23.01,33.2,-6.496,20.31,38.7,-4.996,23.01,22.9,-5.492,22.12,183.9,-4.996,23.01,28.5,-5.492,22.12,7.6,-5.492,22.12,20.1,-6.492,20.32,30.7,-6999,-6999,0,-6999,-6999,0
100,2012,359,1100,14.13,-4.492,23.91,32.8,-5.992,21.21,38.3,-4.492,23.91,22.8,-4.492,23.91,183.1,-4.492,23.91,28.2,-4.492,23.91,7.4,-4.492,23.91,22.4,-5.492,22.12,30.4,-6999,-6999,0,-6999,-6999,0
100,2012,359,1200,14.08,-3.492,25.71,33.7,-4.987,23.02,38,-3.487,25.72,22.5,-3.492,25.71,183.1,-3.487,25.72,27.9,-3.492,25.71,7.4,-3.487,25.72,22.3,-4.492,23.91,30.5,-6999,-6999,0,-6999,-6999,0
100,2012,359,1300,14.08,-2.508,27.48,33.3,-3.512,25.68,37.3,-2.012,28.38,22.3,-2.508,27.48,183.5,-2.012,28.38,28.2,-2.512,27.48,7.6,-2.012,28.38,21.2,-3.512,25.68,30.5,-6999,-6999,0,-6999,-6999,0
100,2012,359,1400,14.07,-3.517,25.67,32.6,-5.017,22.97,37.1,-3.512,25.68,22.3,-3.517,25.67,183.9,-3.517,25.67,27.9,-4.012,24.78,7.7,-3.512,25.68,19.1,-5.012,22.98,31,-6999,-6999,0,-6999,-6999,0
100,2012,359,1500,14.08,-5.512,22.08,33.7,-7.01,19.38,38.4,-5.012,22.98,22.8,-5.512,22.08,184.1,-5.508,22.09,29,-5.512,22.08,8,-5.012,22.98,18.7,-6.512,20.28,30.2,-6999,-6999,0,-6999,-6999,0
100,2012,359,1600,14.12,-7,19.4,35.5,-8.5,16.7,36.8,-6.504,20.29,23.3,-7,19.4,183.8,-6.504,20.29,120.7,-7,19.4,8.3,-6.504,20.29,22.7,-8,17.59,31.7,-6999,-6999,0,-6999,-6999,0
100,2012,359,1700,14.14,-7,19.39,36,-8.5,16.69,36.1,-7,19.39,24.4,-7,19.39,183.8,-7,19.39,123.6,-7,19.39,8.3,-7,19.4,24.1,-8.5,16.69,32.6,-6999,-6999,0,-6999,-6999,0
100,2012,359,1800,14.16,-7.51,18.48,38.3,-9.01,15.79,42,-7.5,18.49,25.1,-7.51,18.48,182.9,-7.5,18.49,119.8,-7.51,18.48,9.3,-7.01,19.39,25.3,-9,15.79,34.7,-6999,-6999,0,-6999,-6999,0
100,2012,359,1900,14.18,-8.5,16.69,38.5,-10,14,39.1,-8,17.59,25.1,-8.5,16.7,183.6,-8,17.59,123.6,-8.5,16.7,220,-8,17.59,25.4,-9.5,14.89,36,-6999,-6999,0,-6999,-6999,0
100,2012,359,2000,14.2,-9,15.8,40.3,-10,13.99,43.7,-8.5,16.69,26.6,-8.5,16.69,183,-8.5,16.69,33.7,-8.5,16.69,10.2,-8.5,16.7,26,-10,13.99,36.5,-6999,-6999,0,-6999,-6999,0
100,2012,359,2100,14.21,-9,15.8,40.8,-10.5,13.1,42.4,-9,15.8,27.2,-9,15.8,183.6,-9,15.8,124,-9,15.8,9,-8.5,16.69,27,-10.5,13.1,34.3,-6999,-6999,0,-6999,-6999,0
100,2012,359,2200,14.22,-9.01,15.79,41.6,-10.51,13.08,45.5,-9,15.79,27.4,-9,15.79,183.9,-9,15.79,120.9,-9,15.79,7.7,-9,15.79,27.6,-10.5,13.09,38.6,-6999,-6999,0,-6999,-6999,0
100,2012,359,2300,14.23,-10.01,13.98,41.7,-11.51,11.29,45.9,-9.51,14.88,27.6,-9.52,14.87,184.9,-9.52,14.87,120.6,-9.52,14.87,9.7,-9.51,14.88,27.9,-11.01,12.18,39.1,-6999,-6999,0,-6999,-6999,0
100,2012,359,2400,14.25,-11.52,11.27,42,-12.52,9.46,45.1,-11.02,12.17,27.6,-11.52,11.27,184.3,-11.52,11.27,120.7,-11.52,11.27,220,-11.02,12.17,27.2,-12.52,9.47,37.9,-6999,-6999,0,-6999,-6999,0
100,2012,360,100,14.28,-13.5,7.7,39.2,-15,5,42.3,-13,8.59,27.2,-13.5,7.7,184.1,-13.5,7.7,120.7,-13.5,7.7,5.7,-13,8.59,26.8,-14.5,5.893,220,-6999,-6999,0,-6999,-6999,0
100,2012,360,200,14.32,-13.5,7.7,39.7,-15,5,44.2,-13.5,7.7,26.4,-13.5,7.7,183.3,-13.5,7.7,123.5,-13.5,7.7,7,-13.5,7.7,27.4,-15,5,38.9,-6999,-6999,0,-6999,-6999,0
100,2012,360,300,14.34,-13.5,7.71,42.3,-15,5.008,46.4,-13.5,7.71,27.9,-13.5,7.71,184.1,-13.5,7.71,124.3,-13.5,7.71,7.4,-13.5,7.71,28.4,-15,5.008,40,-6999,-6999,0,-6999,-6999,0
100,2012,360,400,14.35,-13.01,8.58,42.4,-14.51,5.885,46.6,-13.01,8.58,27.8,-13.01,8.58,183.4,-13.01,8.58,124,-13.01,8.58,220,-13.01,8.58,28.3,-14.51,5.885,40.2,-6999,-6999,0,-6999,-6999,0
100,2012,360,500,14.35,-14.52,5.87,41.7,-15.52,4.063,46.7,-14.02,6.77,27.6,-14.52,5.87,185,-14.02,6.77,121.4,-14.02,6.762,220,-14.02,6.762,27.8,-15.52,4.063,39.6,-6999,-6999,0,-6999,-6999,0
100,2012,360,600,14.39,-16.51,2.278,31.1,-18.01,-.422,46.6,-16.01,3.178,27.4,-16.51,2.278,36.2,-16.02,3.17,134.2,-16.51,2.278,6.7,-16.51,2.278,28,-18.01,-.422,39.6,-6999,-6999,0,-6999,-6999,0
100,2012,360,700,14.43,-18.01,-.422,39.3,-19.51,-3.115,46.4,-17.51,.478,27.6,-18.01,-.415,36.2,-18.01,-.415,35,-18.01,-.415,5.6,-18.01,-.415,27.9,-19.51,-3.123,39.8,-6999,-6999,0,-6999,-6999,0
100,2012,360,800,14.47,-19.49,-3.078,40.5,-20.49,-4.885,46.6,-18.99,-2.185,27.6,-19,-2.192,36.5,-18.99,-2.185,35.3,-18.99,-2.185,7.9,-18.99,-2.185,28.2,-20.99,-5.777,39.6,-6999,-6999,0,-6999,-6999,0
100,2012,360,900,14.47,-17.96,-.332,39.2,-19.46,-3.033,46.4,-17.96,-.332,27.8,-18.46,-1.225,184.8,-17.96,-.332,124.3,-17.96,-.332,8.7,-17.96,-.332,28.1,-19.46,-3.025,39.8,-6999,-6999,0,-6999,-6999,0
100,2012,360,1000,14.43,-13.49,7.72,40.3,-14.99,5.015,46.2,-13.49,7.72,27.5,-13.49,7.72,36.4,-13.49,7.72,121.1,-13.49,7.72,8.3,-13.49,7.72,27.9,-14.49,5.915,39.5,-6999,-6999,0,-6999,-6999,0
100,2012,360,1100,14.37,-12.47,9.55,41.5,-13.97,6.845,46.3,-11.98,10.44,27.6,-12.48,9.54,183.8,-12.47,9.55,35.2,-11.98,10.44,9.4,-12.47,9.55,28.3,-13.47,7.75,38.8,-6999,-6999,0,-6999,-6999,0
100,2012,360,1200,14.32,-9.5,14.89,41.1,-11,12.19,46.1,-9.5,14.9,27.1,-10,14,182.1,-9.5,14.9,35.2,-9.5,14.89,9.7,-9.5,14.91,27.8,-10.5,13.1,38.8,-6999,-6999,0,-6999,-6999,0
100,2012,360,1300,14.3,-10,14,41.6,-11.5,11.31,45.7,-9.5,14.9,27.6,-10,14,183.7,-9.49,14.92,35,-10,14.01,10.3,-9,15.8,27.9,-10.5,13.09,39,-6999,-6999,0,-6999,-6999,0
100,2012,360,1400,14.28,-10,14,41.6,-11,12.19,46.4,-9.5,14.9,27.6,-10,14,183.7,-8.51,16.68,35.2,-9.5,14.9,10.3,-9,15.79,26.5,-11,12.2,39,-6999,-6999,0,-6999,-6999,0
100,2012,360,1500,14.28,-10.01,13.98,41.5,-11.51,11.29,46.2,-9.51,14.89,27.6,-10.01,13.98,184.1,-9.51,14.88,35.6,-9.51,14.89,9.5,-9.51,14.89,27.4,-11.01,12.18,38.9,-6999,-6999,0,-6999,-6999,0
100,2012,360,1600,14.28,-11,12.19,41.7,-12.5,9.49,45.9,-10.51,13.08,27.6,-11,12.19,184.1,-11,12.19,35.7,-10.51,13.08,10.2,-10.5,13.09,27.4,-12.01,10.39,39.3,-6999,-6999,0,-6999,-6999,0
100,2012,360,1700,14.3,-11.51,11.29,41.6,-13.01,8.58,45.9,-11.51,11.29,27.6,-11.51,11.29,36.5,-11.51,11.29,35.5,-11.51,11.29,9.1,-11.01,12.18,27.6,-13.01,8.58,38.7,-6999,-6999,0,-6999,-6999,0
100,2012,360,1800,14.32,-12.52,9.47,41.9,-14.01,6.777,45.8,-12.51,9.48,27.5,-12.52,9.47,182.5,-12.51,9.48,35.3,-12.52,9.47,9.3,-12.02,10.37,27.5,-14.02,6.77,38.9,-6999,-6999,0,-6999,-6999,0
100,2012,360,1900,14.34,-14.49,5.923,41.8,-15.49,4.115,45.9,-13.99,6.815,27.6,-14.49,5.915,184.1,-13.99,6.815,35.1,-14.49,5.923,9.8,-14,6.807,27.8,-15.99,3.215,38.7,-6999,-6999,0,-6999,-6999,0
100,2012,360,2000,14.37,-13.01,8.58,41.3,-14.51,5.885,45.5,-13,8.59,27,-13.5,7.69,184.2,-13.01,8.58,34.9,-13.01,8.58,7.3,-13.51,7.69,27.8,-15.01,4.985,38.4,-6999,-6999,0,-6999,-6999,0
100,2012,360,2100,14.37,-13.99,6.815,41.8,-15.5,4.108,45.8,-13.5,7.71,27.4,-14,6.807,184.1,-13.99,6.815,120.2,-13.99,6.815,6.6,-14.49,5.923,27.7,-15.99,3.223,38.6,-6999,-6999,0,-6999,-6999,0
100,2012,360,2200,14.38,-13,8.59,41.1,-15,4.992,45.8,-13,8.59,27.2,-13.5,7.69,183.5,-13.01,8.58,34.9,-13.01,8.58,6.5,-13,8.59,27.6,-14.5,5.893,38.6,-6999,-6999,0,-6999,-6999,0
100,2012,360,2300,14.38,-13.52,7.66,40.9,-15.52,4.063,45.6,-13.52,7.66,27.1,-14.02,6.762,184.6,-14.02,6.762,35,-14.02,6.762,6.9,-13.52,7.66,27.6,-15.02,4.955,37.8,-6999,-6999,0,-6999,-6999,0
100,2012,360,2400,14.41,-16.47,2.345,41.1,-17.98,-.362,45.7,-16.48,2.338,27.2,-16.48,2.338,184.8,-16.48,2.338,120.8,-16.47,2.345,6.3,-16.47,2.345,27.9,-17.97,-.34,38.4,-6999,-6999,0,-6999,-6999,0
100,2012,361,100,14.42,-13.5,7.7,40.7,-15.5,4.1,45.5,-14,6.8,27,-14,6.8,184.8,-14,6.792,35,-13.5,7.7,6.5,-13.5,7.7,27.6,-14.01,6.777,38.3,-6999,-6999,0,-6999,-6999,0
100,2012,361,200,14.4,-13.48,7.73,41.2,-15.48,4.13,45.6,-13.98,6.83,27.2,-13.99,6.822,183.2,-14.48,5.938,120.1,-13.49,7.72,10.1,-13.48,7.73,27.7,-15.48,4.138,37.9,-6999,-6999,0,-6999,-6999,0
100,2012,361,300,14.35,-11.49,11.32,40.9,-13.49,7.72,45.7,-11.99,10.42,27,-12.49,9.52,184.6,-11.99,10.42,34.6,-11.99,10.42,10.4,-11.5,11.31,27.5,-12.99,8.61,37.8,-6999,-6999,0,-6999,-6999,0
100,2012,361,400,14.34,-10.51,13.08,41.2,-12.01,10.38,45.9,-10.51,13.08,27,-11.02,12.17,184.2,-11.01,12.18,34.9,-10.51,13.08,9.9,-11,12.19,27.5,-12.01,10.39,37.9,-6999,-6999,0,-6999,-6999,0
100,2012,361,500,14.34,-11.51,11.28,40.8,-13.51,7.69,45.6,-11.51,11.28,27.1,-13,8.6,183.3,-12.01,10.39,34.6,-11.51,11.28,9.3,-11.51,11.28,27.4,-13.01,8.58,37.9,-6999,-6999,0,-6999,-6999,0
100,2012,361,600,14.34,-13,8.59,40.7,-14.5,5.893,45.6,-13,8.59,27,-13,8.59,183.3,-13,8.59,34.8,-13,8.59,9.2,-13,8.59,27.4,-14.5,5.893,38.1,-6999,-6999,0,-6999,-6999,0
100,2012,361,700,14.35,-13.5,7.69,40.9,-15,5,45.5,-13.5,7.7,26.8,-13.5,7.69,184.2,-13.5,7.7,34.8,-13.5,7.7,9.2,-13.5,7.7,27.4,-15,5,38.1,-6999,-6999,0,-6999,-6999,0
100,2012,361,800,14.37,-13.99,6.815,40.5,-15,5,45.5,-13.5,7.71,26.8,-14,6.807,183.5,-13.5,7.7,34.8,-13.5,7.71,8.2,-13.5,7.71,27.2,-15,5.008,37.9,-6999,-6999,0,-6999,-6999,0
100,2012,361,900,14.35,-12.97,8.65,40.5,-14.97,5.06,45.3,-12.97,8.65,26.9,-13.47,7.75,184.5,-13.47,7.76,34.2,-12.97,8.65,8.3,-12.97,8.65,27.3,-14.47,5.953,37.5,-6999,-6999,0,-6999,-6999,0
100,2012,361,1000,14.3,-9.47,14.95,40.9,-10.97,12.24,45.2,-9.47,14.95,26.8,-9.97,14.05,182.8,-9.47,14.95,34.1,-9.46,14.97,8,-9.47,14.95,27.3,-10.97,12.25,37.8,-6999,-6999,0,-6999,-6999,0
100,2012,361,1100,14.21,-6.479,20.34,40.5,-7.98,17.64,45,-6.475,20.35,26.4,-6.479,20.34,183.3,-6.479,20.34,34,-4.992,23.01,10.6,-6.475,20.35,27,-7.47,18.54,36.8,-6999,-6999,0,-6999,-6999,0
100,2012,361,1200,13.84,-3.996,24.81,40.2,-5.496,22.11,44.7,-3.496,25.71,26.6,-3.996,24.81,183.1,-3.992,24.82,33.7,-3.996,24.81,10.7,-3.496,25.71,27,-4.5,23.9,36.8,-6999,-6999,0,-6999,-6999,0
100,2012,361,1300,13.66,-3.496,25.71,40.5,-4.996,23.01,45.1,-3,26.6,26.6,-3.496,25.71,183.1,-2.987,26.62,133.9,-3.492,25.71,10.6,-2.996,26.61,27,-4.496,23.91,37,-6999,-6999,0,-6999,-6999,0
100,2012,361,1400,13.61,-3,26.6,40.5,-4.5,23.9,44.9,-3,26.6,26.6,-3,26.6,183.1,-1.512,29.28,34.2,-2.504,27.49,10.7,-2.5,27.5,27,-4,24.8,37,-6999,-6999,0,-6999,-6999,0
100,2012,361,1500,14.1,-3.008,26.59,40.5,-4.508,23.88,45.2,-3.008,26.59,26.7,-3.008,26.59,183.3,-3.008,26.59,34,-3.008,26.59,9.4,-2.508,27.48,26.8,-4.008,24.79,36.9,-6999,-6999,0,-6999,-6999,0
100,2012,361,1600,14.09,-4.012,24.78,40,-5.512,22.08,45.2,-4.012,24.78,26.8,-4.012,24.78,183.6,-4.012,24.78,33.8,-4.012,24.78,11.1,-3.512,25.68,26.8,-5.012,22.98,36.3,-6999,-6999,0,-6999,-6999,0
100,2012,361,1700,14.1,-5.521,22.06,40,-7.02,19.36,44.8,-5.517,22.07,26.5,-5.517,22.07,181.9,-5.521,22.06,33.4,-5.517,22.07,9.4,-5.021,22.96,26.7,-6.525,20.26,37,-6999,-6999,0,-6999,-6999,0
100,2012,361,1800,14.13,-8,17.6,40,-9.5,14.9,45.2,-7.5,18.49,26.7,-7.5,18.49,35.8,-8,17.6,123.6,-7.5,18.49,10.3,-7.5,18.5,26.9,-9.5,14.9,37,-6999,-6999,0,-6999,-6999,0
100,2012,361,1900,14.17,-8,17.59,40.1,-9.5,14.89,42.9,-8,17.59,26.7,-8,17.59,182.2,-8,17.59,33.5,-8,17.59,5.9,-7.51,18.48,26.5,-9.5,14.89,36.3,-6999,-6999,0,-6999,-6999,0
100,2012,361,2000,14.18,-8.5,16.69,40.3,-10,13.99,42.7,-8.5,16.69,26.7,-8.5,16.69,183.6,-8.5,16.69,33.7,-8.5,16.69,6.4,-8.5,16.69,26.5,-10,13.99,36.5,-6999,-6999,0,-6999,-6999,0
100,2012,361,2100,14.21,-9,15.79,40.5,-10.5,13.09,43.6,-9,15.79,26.6,-9,15.79,183.9,-9,15.79,120,-9,15.79,6.9,-9,15.79,20.1,-10.5,13.09,36.4,-6999,-6999,0,-6999,-6999,0
100,2012,361,2200,14.23,-9.5,14.9,40.5,-11,12.2,44.4,-9.5,14.9,27.3,-9.5,14.89,184,-9.5,14.9,33.8,-9.5,14.9,10.5,-9.5,14.9,27,-11,12.2,37.2,-6999,-6999,0,-6999,-6999,0
100,2012,361,2300,14.24,-9.51,14.89,40.9,-11.01,12.18,44.4,-9.5,14.89,27.3,-10,13.99,183.9,-9.5,14.89,33.9,-9.51,14.89,9.5,-9.5,14.89,27.1,-11,12.19,36.8,-6999,-6999,0,-6999,-6999,0
100,2012,361,2400,14.26,-10.5,13.1,40.9,-12,10.4,43.2,-10,13.99,24.6,-10.5,13.09,184.6,-10,13.99,34,-10.5,13.1,8.1,-10,13.99,27.1,-11.5,11.29,37.5,-6999,-6999,0,-6999,-6999,0
100,2012,362,100,14.27,-10.5,13.09,40.5,-12,10.39,44.9,-10.5,13.09,27.6,-11,12.19,184.6,-10.5,13.09,121.5,-10.5,13.09,220,-10.5,13.09,27.1,-12,10.39,37.7,-6999,-6999,0,-6999,-6999,0
100,2012,362,200,14.28,-11,12.19,40.3,-12.5,9.49,44.4,-11,12.19,27.3,-11.5,11.31,184.6,-11,12.19,123.3,-11,12.19,9.4,-11,12.19,27,-12.5,9.49,37.9,-6999,-6999,0,-6999,-6999,0
100,2012,362,300,14.29,-11.5,11.3,40.3,-13,8.6,44.4,-11.5,11.3,27.2,-11,12.2,184.1,-11.5,11.3,34.3,-11.5,11.3,9.4,-11.5,11.3,26.7,-13,8.6,37.9,-6999,-6999,0,-6999,-6999,0
100,2012,362,400,14.3,-11.5,11.3,35.9,-13,8.6,43.9,-11.5,11.3,26.5,-11.01,12.18,184.2,-11.5,11.3,119.6,-11.5,11.3,5.7,-11.5,11.3,25.2,-13,8.6,34,-6999,-6999,0,-6999,-6999,0
100,2012,362,500,14.3,-11.5,11.29,40.4,-13,8.59,43.5,-11.5,11.3,26.8,-12.51,9.48,184.3,-11.5,11.29,34.4,-11.5,11.29,9.6,-11.5,11.3,26.2,-13,8.59,37.6,-6999,-6999,0,-6999,-6999,0
100,2012,362,600,14.31,-12,10.4,40.9,-13.5,7.7,43.8,-11.5,11.29,27.5,-13.49,7.72,184,-12,10.4,120.1,-12,10.4,9.3,-11.5,11.29,27.5,-13.5,7.7,38.1,-6999,-6999,0,-6999,-6999,0
100,2012,362,700,14.32,-12,10.4,40.9,-13.5,7.7,44.5,-12,10.4,27.8,-12.5,9.5,184,-12,10.4,120.6,-12,10.4,9.3,-12,10.4,27.5,-13.5,7.7,38.1,-6999,-6999,0,-6999,-6999,0
100,2012,362,800,14.32,-12,10.4,40.9,-13.5,7.7,44.5,-12,10.4,27.5,-12.5,9.5,184,-12,10.4,121.1,-12,10.4,220,-12,10.4,27.5,-13.5,7.7,38.1,-6999,-6999,0,-6999,-6999,0
100,2012,362,900,14.32,-12,10.4,40.9,-13.5,7.7,45.1,-12,10.4,27.7,-12.5,9.5,184,-12,10.4,120.1,-12,10.4,10.1,-12,10.41,25.4,-13.5,7.7,38.1,-6999,-6999,0,-6999,-6999,0
100,2012,362,1000,14.32,-12,10.41,41.2,-13.5,7.71,45.2,-12,10.41,27.6,-12.49,9.52,184.1,-12,10.41,119.6,-12,10.41,9.4,-11.5,11.3,27.7,-13.5,7.71,38.2,-6999,-6999,0,-6999,-6999,0
100,2012,362,1100,14.31,-11.49,11.32,40.9,-12.99,8.61,45.2,-11.49,11.32,27.5,-11.5,11.31,184.1,-11.49,11.32,120,-11.49,11.32,9.5,-11.49,11.32,27.2,-12.99,8.62,37.8,-6999,-6999,0,-6999,-6999,0
100,2012,362,1200,14.3,-10.5,13.09,41,-12,10.4,45,-10.5,13.1,27.5,-11,12.21,183.9,-10.5,13.1,34,-10.5,13.1,220,-10.5,13.1,27.2,-11.5,11.3,37.8,-6999,-6999,0,-6999,-6999,0
100,2012,362,1300,14.28,-10.99,12.21,40.7,-12,10.41,45.2,-10.5,13.11,27.7,-10.5,13.1,183.7,-10.5,13.11,34.4,-10.5,13.11,220,-10.5,13.11,27.6,-11.5,11.3,38.8,-6999,-6999,0,-6999,-6999,0
100,2012,362,1400,14.28,-10,13.99,40.9,-11.5,11.29,45.2,-10,13.99,27.8,-10.5,13.1,184.6,-10,13.99,34.5,-10,13.99,4.1,-10,13.99,27.5,-11.5,11.29,38,-6999,-6999,0,-6999,-6999,0
100,2012,362,1500,14.28,-10.5,13.09,41,-12,10.39,45,-10.5,13.09,27.6,-10.51,13.08,184.6,-10.5,13.09,34.2,-10.5,13.09,9,-10.5,13.09,27.5,-12,10.39,38,-6999,-6999,0,-6999,-6999,0
100,2012,362,1600,14.29,-11,12.19,41.2,-12.5,9.49,45.4,-11,12.2,27.6,-11.49,11.32,184.6,-11,12.19,34.3,-11,12.19,9.5,-11,12.2,27.5,-12.5,9.5,38,-6999,-6999,0,-6999,-6999,0
100,2012,362,1700,14.29,-11.5,11.29,40.9,-13,8.59,45.4,-11.01,12.18,27.7,-10.52,13.07,184.2,-11.5,11.29,34.4,-11.5,11.29,9.6,-11.01,12.18,27.6,-12.51,9.48,38.1,-6999,-6999,0,-6999,-6999,0
100,2012,362,1800,14.3,-12.01,10.39,41.3,-13.5,7.69,44.9,-12,10.39,27.7,-12.5,9.49,184.1,-12,10.39,34.5,-12,10.39,9.3,-12,10.39,27.4,-13.5,7.69,38.3,-6999,-6999,0,-6999,-6999,0
100,2012,362,1900,14.32,-13,8.59,40.7,-14.01,6.785,45,-12.5,9.49,27.6,-13,8.59,184.1,-12.51,9.48,33.7,-12.51,9.48,9.9,-12.51,9.48,27.6,-14.01,6.785,38.6,-6999,-6999,0,-6999,-6999,0
100,2012,362,2000,14.33,-13.5,7.7,40.7,-15,5,44.8,-13,8.59,27.6,-13.5,7.69,184.2,-13.5,7.7,33.7,-13.5,7.69,10.1,-13.5,7.7,27.4,-15,5,38.6,-6999,-6999,0,-6999,-6999,0
100,2012,362,2100,14.35,-13.51,7.69,40.6,-15.01,4.985,42,-13.5,7.69,27,-14,6.792,184.9,-13.51,7.69,120.8,-14,6.792,220,-13.5,7.69,27.2,-15.01,4.985,38.4,-6999,-6999,0,-6999,-6999,0
100,2012,362,2200,14.37,-14.51,5.885,40.5,-16.01,3.185,41.4,-14.01,6.777,27.3,-14.51,5.885,185,-14.51,5.885,121.4,-14.51,5.885,5.5,-14.01,6.777,27.5,-16.01,3.185,38.4,-6999,-6999,0,-6999,-6999,0
100,2012,362,2300,14.39,-15.5,4.093,40.7,-17,1.393,43.2,-15.5,4.093,27.3,-15.5,4.093,184.3,-15.5,4.093,121.9,-15.5,4.1,6,-15.5,4.093,27.4,-17,1.393,37.6,-6999,-6999,0,-6999,-6999,0
100,2012,362,2400,14.41,-15.99,3.215,40.3,-17.5,.507,235,-15.99,3.215,27.1,-16,3.208,185,-16,3.208,33.9,-15.5,4.1,7.4,-16,3.208,27.5,-17.5,.507,38.4,-6999,-6999,0,-6999,-6999,0
100,2012,363,100,14.43,-15,4.992,40.5,-17,1.393,43.8,-15,4.992,27.1,-15.5,4.093,185,-15.5,4.093,33.9,-15.5,4.1,7.6,-15.5,4.1,27.3,-17,1.393,37.3,-6999,-6999,0,-6999,-6999,0
100,2012,363,200,14.43,-15.5,4.093,40.2,-17.5,.5,43.5,-15.5,4.093,27.1,-16,3.2,184.6,-16,3.2,121,-15.5,4.093,8.3,-15.5,4.093,27.3,-17.5,.5,37.3,-6999,-6999,0,-6999,-6999,0
100,2012,363,300,14.44,-16,3.193,40.4,-17.5,.493,43.7,-16,3.2,27.3,-16,3.193,184.3,-16,3.193,33.7,-16,3.193,9.6,-16,3.2,27.1,-17.5,.5,37.5,-6999,-6999,0,-6999,-6999,0
100,2012,363,400,14.45,-16.5,2.308,40.2,-18,-.4,44,-16,3.2,27.3,-16.5,2.3,184.3,-16.5,2.308,33.5,-16.5,2.308,9.7,-16,3.2,27.1,-17.5,.5,37.5,-6999,-6999,0,-6999,-6999,0
100,2012,363,500,14.46,-16,3.2,40.2,-18,-.392,44,-16,3.2,27.3,-16.5,2.3,184.3,-16,3.2,121,-16,3.2,10,-16,3.2,27.1,-17.5,.5,37.3,-6999,-6999,0,-6999,-6999,0
100,2012,363,600,14.46,-16,3.2,40.7,-17.5,.5,44.2,-16,3.2,27.3,-16.5,2.308,184.6,-16,3.2,33.5,-16,3.2,10.2,-16,3.2,27.1,-17.5,.507,37.1,-6999,-6999,0,-6999,-6999,0
100,2012,363,700,14.45,-16,3.2,40.2,-17.5,.5,44,-16,3.2,27.3,-16,3.2,185,-16,3.2,33.5,-16,3.2,10.3,-16,3.2,27.1,-17,1.393,37.5,-6999,-6999,0,-6999,-6999,0
100,2012,363,800,14.45,-16,3.208,40.5,-17.5,.5,44.3,-16,3.208,27.1,-16,3.2,185,-16,3.2,33.5,-16,3.2,10.5,-16,3.208,27.1,-17.5,.507,37.3,-6999,-6999,0,-6999,-6999,0
100,2012,363,900,14.44,-15.49,4.123,40.4,-17.48,.53,44.2,-15.49,4.123,27.2,-15.98,3.23,185.1,-15.98,3.23,33.6,-15.98,3.23,10.4,-15.49,4.123,27.2,-16.98,1.43,37.8,-6999,-6999,0,-6999,-6999,0
100,2012,363,1000,14.42,-13.99,6.815,40,-15.49,4.115,44.5,-13.99,6.822,27,-13.99,6.815,184.2,-13.99,6.815,33.3,-13.98,6.837,9.7,-13.99,6.815,27.1,-14.99,5.015,37.8,-6999,-6999,0,-6999,-6999,0
100,2012,363,1100,14.39,-12.99,8.61,40.1,-14.49,5.915,44.3,-12.49,9.52,26.8,-13,8.61,184.2,-12.99,8.61,133.1,-11.5,11.29,10.5,-12.99,8.61,27,-14,6.807,37.6,-6999,-6999,0,-6999,-6999,0
100,2012,363,1200,14.36,-11.99,10.42,40.1,-13.49,7.72,44,-11.5,11.31,27,-12.49,9.52,184.7,-11.99,10.42,133.5,-11.99,10.42,10.8,-11.99,10.42,26.8,-13.49,7.72,37,-6999,-6999,0,-6999,-6999,0
100,2012,363,1300,14.34,-11.01,12.18,40.1,-12.51,9.48,44.2,-11.01,12.18,27,-11.01,12.18,184.9,-10.5,13.09,133.9,-11.01,12.18,10.9,-11.01,12.18,27.1,-12.01,10.38,37.6,-6999,-6999,0,-6999,-6999,0
100,2012,363,1400,14.34,-12.01,10.39,40,-13.51,7.69,44.2,-12.01,10.39,27.1,-12.5,9.49,184.2,-11.02,12.17,124,-12.01,10.39,10.8,-12.01,10.39,27.1,-13.51,7.69,37.6,-6999,-6999,0,-6999,-6999,0
100,2012,363,1500,14.34,-13,8.59,39.7,-14.5,5.893,44.3,-13,8.59,27.3,-13.01,8.58,184.2,-13,8.59,132.7,-13,8.59,10.9,-13,8.59,27.1,-14.5,5.893,36.7,-6999,-6999,0,-6999,-6999,0
100,2012,363,1600,14.36,-13.51,7.69,40.1,-15.01,4.985,44.6,-13.5,7.69,27.2,-14,6.792,184.9,-13.51,7.69,133.3,-13.51,7.69,11,-13.51,7.69,27.2,-15.01,4.985,37,-6999,-6999,0,-6999,-6999,0
100,2012,363,1700,14.37,-14.51,5.885,40,-16.01,3.185,44.6,-14.01,6.785,27.1,-14.51,5.885,185,-14.51,5.885,33.4,-14.51,5.885,11.1,-14.51,5.885,27,-16.01,3.185,37,-6999,-6999,0,-6999,-6999,0
100,2012,363,1800,14.4,-15.5,4.1,39.7,-17,1.4,44.1,-15,4.992,27.1,-15.5,4.093,184.6,-15.5,4.1,33.4,-15.5,4.093,11.2,-15.5,4.093,27.1,-17,1.393,37.2,-6999,-6999,0,-6999,-6999,0
100,2012,363,1900,14.41,-15.5,4.093,40.2,-17,1.393,44.8,-15.5,4.1,27.1,-16,3.2,184.6,-15.5,4.1,33,-16,3.2,11.2,-16,3.208,27,-17.5,.507,37,-6999,-6999,0,-6999,-6999,0
100,2012,363,2000,14.43,-16,3.2,39.8,-17.5,.5,44.8,-15.5,4.1,27.1,-16,3.2,185,-15.5,4.093,33.5,-16,3.2,11.2,-15.5,4.093,27.1,-17,1.393,37.2,-6999,-6999,0,-6999,-6999,0
100,2012,363,2100,14.44,-15.99,3.215,39.8,-17.49,.515,44.6,-15.5,4.108,27.2,-15.99,3.215,184.9,-15.99,3.215,33.3,-15.99,3.215,10.9,-15.99,3.215,26.8,-17.49,.515,36.8,-6999,-6999,0,-6999,-6999,0
100,2012,363,2200,14.43,-15,5,39.8,-16.5,2.3,44.6,-15,5,27.1,-15,5,185.2,-15,5,133.3,-15,5,10.8,-15,5,27.1,-16.5,2.3,37.1,-6999,-6999,0,-6999,-6999,0
100,2012,363,2300,14.43,-14.99,5.023,40.2,-16.49,2.323,44.7,-14.98,5.03,27.1,-14.99,5.023,184.8,-14.99,5.023,133.7,-14.99,5.023,11.2,-14.99,5.023,27.1,-16.49,2.323,36.7,-6999,-6999,0,-6999,-6999,0
100,2012,363,2400,14.41,-13.49,7.72,39.8,-15,5.008,44.5,-13,8.6,27.1,-13.5,7.71,184.8,-13.5,7.71,133.7,-13.49,7.72,10.1,-13.5,7.71,27.2,-14.99,5.015,37.5,-6999,-6999,0,-6999,-6999,0
100,2012,364,100,14.39,-12.5,9.51,40.1,-14.49,5.915,44.6,-12.99,8.61,27.2,-13,8.61,184.2,-12.99,8.61,33,-12.5,9.51,11,-12.99,8.61,27,-13.99,6.815,37,-6999,-6999,0,-6999,-6999,0
100,2012,364,200,14.37,-12.02,10.36,39.6,-13.52,7.66,44.3,-12.02,10.37,26.9,-12.52,9.47,184.5,-12.02,10.36,32.7,-12.02,10.36,10.8,-12.02,10.36,26.7,-13.02,8.55,36.7,-6999,-6999,0,-6999,-6999,0
100,2012,364,300,14.38,-14.5,5.908,39.4,-16,3.208,44.2,-14,6.807,28.1,-14.5,5.908,185.1,-14.5,5.9,32.7,-14.5,5.908,10.4,-14.51,5.885,26.7,-16,3.193,36.8,-6999,-6999,0,-6999,-6999,0
100,2012,364,400,14.4,-14,6.792,39.6,-15.5,4.093,44.1,-13.51,7.69,26.8,-14,6.792,184.9,-14.5,5.893,32.8,-14,6.792,10.5,-15.5,4.108,26.7,-16.5,2.3,36.8,-6999,-6999,0,-6999,-6999,0
100,2012,364,500,14.4,-14.49,5.915,39.2,-16,3.208,44.2,-14.49,5.915,26.7,-14.5,5.908,185.1,-14.99,5.015,32.6,-14.49,5.923,10.3,-15,5.008,26.7,-16.49,2.315,36.5,-6999,-6999,0,-6999,-6999,0
100,2012,364,600,14.39,-13.47,7.75,40.2,-15.47,4.16,43.9,-13.47,7.75,26.6,-13.97,6.86,184.5,-13.97,6.852,32.7,-12.97,8.65,10.5,-14.47,5.945,26.5,-15.47,4.145,35.9,-6999,-6999,0,-6999,-6999,0
100,2012,364,700,14.37,-10.03,13.95,39.2,-11.53,11.25,44.2,-10.02,13.95,26.6,-10.03,13.95,184.1,-10.52,13.05,32.5,-9.53,14.84,10.7,-11.52,11.27,26.6,-12.52,9.46,36.3,-6999,-6999,0,-6999,-6999,0
100,2012,364,800,14.37,-13.51,7.69,39.6,-15.01,4.985,44.3,-13.01,8.58,26.9,-13.51,7.69,184.9,-13.51,7.68,32.8,-13.51,7.69,10.8,-13.51,7.69,26.7,-15.01,4.985,36.7,-6999,-6999,0,-6999,-6999,0
100,2012,364,900,14.38,-14.46,5.975,39.2,-15.97,3.26,44,-14.47,5.96,26.8,-14.47,5.96,184.6,-14.97,5.06,32.8,-14.47,5.96,10.7,-14.47,5.96,26.5,-15.97,3.26,36.7,-6999,-6999,0,-6999,-6999,0
100,2012,364,1000,14.34,-9.5,14.91,39.8,-11.99,10.42,44,-10.49,13.12,26.7,-10.49,13.11,183.9,-10.99,12.22,32.5,-10.49,13.12,10.7,-10.49,13.12,26.5,-11.99,10.42,36.5,-6999,-6999,0,-6999,-6999,0
100,2012,364,1100,14.3,-8.97,15.85,39.7,-10.48,13.14,44,-8.98,15.84,27.1,-9.47,14.95,183.4,-9.47,14.95,133.7,-8.97,15.85,11.2,-8.97,15.85,26.6,-10.47,13.15,36.1,-6999,-6999,0,-6999,-6999,0
100,2012,364,1200,14.23,-5.971,21.25,212.1,-7.97,17.65,44.2,-6.467,20.36,26.9,-6.467,20.36,182.4,-6.462,20.37,32.5,-5.967,21.26,11.4,-5.971,21.25,26.2,-6.967,19.46,36.2,-6999,-6999,0,-6999,-6999,0
100,2012,364,1300,14.16,-2.492,27.51,39.5,-4.483,23.93,43.4,-2.492,27.51,27.2,-2.492,27.51,182.4,-1.987,28.42,133.4,-1.992,28.41,10.4,-2.487,27.52,26.7,-2.992,26.62,35.9,-6999,-6999,0,-6999,-6999,0
100,2012,364,1400,14.1,-1.5,29.3,39,-2.504,27.49,43,-1.5,29.3,26.3,-1.504,29.29,181.6,-.512,31.08,123.5,-1.004,30.19,10.6,-1.004,30.19,26.2,-2.004,28.39,36.1,-6999,-6999,0,-6999,-6999,0
100,2012,364,1500,14.09,-1.508,29.29,39.3,-3.008,26.59,43.4,-1.508,29.29,26.5,-2.008,28.38,183.4,-2.008,28.38,123.6,-1.508,29.29,10.3,-1.508,29.29,26.2,-2.512,27.48,36.3,-6999,-6999,0,-6999,-6999,0
100,2012,364,1600,14.08,-2.508,27.48,39.2,-4.008,24.79,43.4,-2.508,27.48,26.4,-3.004,26.59,183.5,-3.004,26.59,123.6,-2.508,27.48,10.3,-2.508,27.48,26.2,-4.008,24.79,35.5,-6999,-6999,0,-6999,-6999,0
100,2012,364,1700,14.08,-3.521,25.66,39.2,-5.021,22.96,43.1,-3.521,25.66,26.6,-3.521,25.66,184,-3.521,25.66,131.9,-3.521,25.66,10,-3.521,25.66,26.2,-5.021,22.96,36,-6999,-6999,0,-6999,-6999,0
100,2012,364,1800,14.1,-6.017,21.17,39,-7.52,18.47,42.5,-6.017,21.17,26.5,-6.021,21.16,183.6,-6.021,21.16,123.9,-6.017,21.17,10,-6.017,21.17,26.3,-7.52,18.47,36.2,-6999,-6999,0,-6999,-6999,0
100,2012,364,1900,14.14,-8.01,17.58,39.2,-9.51,14.88,42.7,-8.01,17.58,26.6,-8.51,16.68,184.5,-8.51,16.68,32.6,-8.01,17.58,9.7,-8.01,17.58,26.3,-9.51,14.88,36.4,-6999,-6999,0,-6999,-6999,0
100,2012,364,2000,14.2,-9.48,14.93,39.3,-10.99,12.22,43.7,-9.49,14.92,26.9,-9.48,14.93,183.5,-9.98,14.03,32.1,-9.48,14.94,9.8,-9.48,14.93,26.1,-10.98,12.23,36.5,-6999,-6999,0,-6999,-6999,0
100,2012,364,2100,14.2,-7.47,18.56,39.7,-9.47,14.96,43.9,-7.97,17.66,27,-7.47,18.55,183.6,-7.97,17.66,128.9,-6.971,19.45,9.2,-7.47,18.55,26.3,-8.97,15.85,36,-6999,-6999,0,-6999,-6999,0
100,2012,364,2200,14.16,-3.496,25.71,39,-5.496,22.11,41.7,-3.996,24.81,26.8,-3.996,24.81,183.1,-3.996,24.81,123.6,-3.496,25.71,9.6,-3.987,24.82,26,-5.492,22.12,35.6,-6999,-6999,0,-6999,-6999,0
100,2012,364,2300,14.14,-3.012,26.58,39.2,-5.008,22.98,43.3,-3.508,25.68,26.5,-3.508,25.68,183.6,-3.508,25.68,131.8,-3.012,26.58,9.2,-2.512,27.48,26,-4.508,23.88,36,-6999,-6999,0,-6999,-6999,0
100,2012,364,2400,14.14,-4.5,23.9,38.7,-6,21.2,42.1,-4.5,23.9,26.4,-4.5,23.9,183.6,-4.5,23.9,132.3,-4.5,23.9,9.4,-4,24.8,25.8,-5.5,22.1,35.7,-6999,-6999,0,-6999,-6999,0
100,2012,365,100,14.13,-4.5,23.9,38.7,-6,21.2,42.6,-4.5,23.9,26.4,-4.5,23.9,183.6,-4.5,23.9,132.8,-4.5,23.9,9.6,-4.004,24.79,25.8,-5.504,22.09,35.5,-6999,-6999,0,-6999,-6999,0
100,2012,365,200,14.14,-4.504,23.89,38.8,-6.004,21.19,41.6,-4.504,23.89,26,-4.504,23.89,183.6,-4.504,23.89,132.8,-4.504,23.89,5.2,-4.504,23.89,26.1,-6.004,21.19,35.7,-6999,-6999,0,-6999,-6999,0
100,2012,365,300,14.14,-5.008,22.98,39.2,-6.508,20.29,41.6,-5.008,22.98,26.1,-5.008,22.98,183.7,-5.008,22.98,133.7,-5.008,22.98,7.1,-5.008,22.98,25.9,-6.508,20.29,36,-6999,-6999,0,-6999,-6999,0
100,2012,365,400,14.14,-6.017,21.17,38.6,-7.52,18.47,42.9,-6.017,21.17,26,-6.017,21.17,182.9,-6.017,21.17,133.7,-6.017,21.17,6.2,-6.012,21.18,25.6,-7.52,18.47,36.2,-6999,-6999,0,-6999,-6999,0
100,2012,365,500,14.18,-8,17.59,38.8,-9.5,14.9,42.9,-8,17.6,25.9,-8,17.59,182.9,-8,17.59,133.7,-8,17.6,6.7,-7.5,18.49,25.9,-9.5,14.89,36,-6999,-6999,0,-6999,-6999,0
100,2012,365,600,14.2,-8.5,16.7,38.8,-9.5,14.89,42.9,-8,17.59,25.9,-8.5,16.7,183.7,-8.5,16.7,133.7,-8,17.59,7.3,-8,17.6,25.8,-10,14.01,35.9,-6999,-6999,0,-6999,-6999,0
100,2012,365,700,14.22,-8.5,16.71,38.6,-10,14.01,42.9,-8.5,16.71,25.9,-8.5,16.71,183.9,-8.5,16.71,133.7,-8.5,16.71,8.4,-8,17.6,25.9,-9.5,14.9,35.9,-6999,-6999,0,-6999,-6999,0
100,2012,365,800,14.22,-8,17.61,38.8,-9.5,14.91,43.1,-7.99,17.61,25.9,-8,17.61,183.7,-8,17.61,133.7,-7.99,17.61,4.5,-7.99,17.61,25.7,-9.5,14.91,36,-6999,-6999,0,-6999,-6999,0
100,2012,365,900,14.21,-7.49,18.52,38.7,-8.99,15.82,42.8,-6.992,19.42,25.8,-7.49,18.52,183.7,-7.49,18.52,133.7,-6.992,19.42,9.4,-6.992,19.42,25.9,-8.98,15.83,35.3,-6999,-6999,0,-6999,-6999,0
100,2012,365,1000,14.18,-5.987,21.22,38.7,-7.49,18.52,42.8,-5.983,21.23,25.7,-5.987,21.22,183.3,-5.987,21.22,131.3,-5.971,21.25,4.8,-5.987,21.22,25.3,-6.987,19.42,35.4,-6999,-6999,0,-6999,-6999,0
100,2012,365,1100,14.13,-4.492,23.91,38.3,-5.987,21.22,42.7,-3.992,24.82,25.7,-4.492,23.91,183.1,-4.492,23.91,31.8,-2.508,27.48,7.2,-4.487,23.92,25.2,-5.492,22.12,35,-6999,-6999,0,-6999,-6999,0
100,2012,365,1200,14.1,-3.492,25.71,37.9,-4.496,23.91,42.7,-2.996,26.61,25.5,-3.492,25.71,182.4,-3.487,25.72,31.2,-3.492,25.71,6.7,-2.992,26.62,25.3,-4.492,23.91,34.9,-6999,-6999,0,-6999,-6999,0
100,2012,365,1300,14.08,-2.5,27.5,38.3,-3.996,24.81,42.3,-2.5,27.5,25.7,-2.5,27.5,183.4,-1.975,28.44,30.8,-2.492,27.51,7.3,-2,28.4,25.3,-3.5,25.7,34.9,-6999,-6999,0,-6999,-6999,0
100,2012,365,1400,14.08,-2.508,27.48,38.3,-3.512,25.68,42.5,-2.504,27.49,25.4,-2.508,27.48,183.1,.962,33.73,31.5,-1.517,29.27,5.9,-2.012,28.38,25.3,-3.508,25.68,35,-6999,-6999,0,-6999,-6999,0
100,2012,365,1500,14.08,-3.508,25.68,38.7,-5.008,22.98,42.5,-3.012,26.58,25.6,-3.508,25.68,183.3,-3.508,25.68,31.3,-3.508,25.68,7.4,-3.508,25.68,25.1,-4.508,23.88,35.4,-6999,-6999,0,-6999,-6999,0
100,2012,365,1600,14.08,-4.512,23.88,38.4,-6.008,21.18,42.3,-4.508,23.88,25.6,-4.512,23.88,184,-4.508,23.88,120.6,-4.512,23.88,7.6,-4.508,23.88,25.1,-5.512,22.08,35.3,-6999,-6999,0,-6999,-6999,0
100,2012,365,1700,14.1,-6.017,21.17,38.2,-7.02,19.36,42.4,-5.517,22.07,25.2,-6.017,21.17,184.2,-5.517,22.07,123.9,-6.017,21.17,7.9,-5.517,22.07,24.9,-7.02,19.37,34.5,-6999,-6999,0,-6999,-6999,0
100,2012,365,1800,14.14,-8.02,17.55,37.9,-9.52,14.86,42.3,-7.53,18.45,25.4,-8.02,17.55,184.9,-7.53,18.45,31.1,-8.02,17.55,7.9,-7.52,18.45,24.9,-9.03,15.75,35.1,-6999,-6999,0,-6999,-6999,0
100,2012,365,1900,14.19,-11.01,12.18,38.3,-12.51,9.48,42.6,-11,12.19,25.4,-11.02,12.17,184.8,-11.01,12.18,31.3,-11.01,12.18,7.8,-10.51,13.08,24.9,-12.51,9.48,35.4,-6999,-6999,0,-6999,-6999,0
100,2012,365,2000,14.24,-12,10.39,37.9,-13.5,7.69,42.2,-11.5,11.29,25.2,-13,8.61,184.2,-12,10.39,30.8,-12,10.39,7.7,-11.5,11.29,24.9,-13.5,7.69,35.6,-6999,-6999,0,-6999,-6999,0
100,2012,365,2100,14.28,-12.5,9.5,37.9,-14,6.8,42.5,-12,10.4,25.4,-12.5,9.5,184.2,-12.5,9.5,31.4,-12.5,9.5,7.8,-12,10.39,25.2,-14,6.8,35.6,-6999,-6999,0,-6999,-6999,0
100,2012,365,2200,14.3,-12.5,9.51,38.3,-14,6.807,41.6,-12,10.4,25.4,-12.51,9.48,184.4,-12.5,9.51,31.3,-12.5,9.51,6.5,-12.5,9.51,25.2,-14,6.807,35.4,-6999,-6999,0,-6999,-6999,0
100,2012,365,2300,14.31,-12,10.39,37.9,-13.5,7.69,41.4,-12,10.4,25.2,-13.49,7.72,184.3,-12,10.4,31.3,-12,10.39,6.5,-12,10.4,25,-13.5,7.7,35.4,-6999,-6999,0,-6999,-6999,0
100,2012,365,2400,14.32,-12.5,9.51,38.3,-14,6.807,41.6,-12,10.41,25.2,-12.5,9.49,184.4,-12,10.4,31.3,-12.5,9.51,6.5,-12,10.4,25.2,-13.5,7.7,35.4,-6999,-6999,0,-6999,-6999,0
100,2012,366,100,14.32,-12,10.4,38.3,-13.5,7.7,41.4,-11.5,11.29,25.2,-13,8.61,184.2,-12,10.4,121.1,-12,10.4,6.3,-12,10.41,24.9,-13.5,7.7,35.4,-6999,-6999,0,-6999,-6999,0
100,2012,366,200,14.32,-12,10.39,37.9,-13.5,7.69,41.4,-12,10.4,25.1,-12.5,9.5,184.2,-12,10.4,122.1,-12,10.39,6.9,-11.5,11.29,25,-13.5,7.7,35.4,-6999,-6999,0,-6999,-6999,0
100,2012,366,300,14.32,-12.51,9.48,38,-14.01,6.785,41.5,-12.01,10.39,25.2,-12.51,9.48,184.1,-12.01,10.39,30.9,-12.5,9.49,6.6,-12.01,10.39,25,-13.51,7.69,34.2,-6999,-6999,0,-6999,-6999,0
100,2012,366,400,14.34,-13.5,7.69,37.7,-15,4.992,41.4,-13.01,8.58,25.1,-13.51,7.69,184.2,-13.01,8.58,30.9,-13.01,8.58,6.4,-13.01,8.58,25.1,-14.51,5.885,34.5,-6999,-6999,0,-6999,-6999,0
100,2012,366,500,14.35,-14.01,6.785,38,-15.5,4.093,41.2,-14,6.792,25,-14.5,5.9,184.5,-14,6.792,31,-14,6.792,6.4,-14,6.792,25,-15.5,4.093,34.4,-6999,-6999,0,-6999,-6999,0
100,2012,366,600,14.37,-15.02,4.962,37.7,-16.02,3.155,41.6,-14.52,5.863,24.9,-14.52,5.855,183.8,-14.52,5.863,30.5,-14.52,5.855,6.3,-14.52,5.855,24.9,-16.02,3.155,34.9,-6999,-6999,0,-6999,-6999,0
100,2012,366,700,14.41,-17.51,.485,37.6,-19.01,-2.215,41.4,-17.01,1.385,24.9,-17.51,.485,31.9,-17.01,1.378,30.9,-17.51,.485,5.7,-17.51,.485,25,-19.01,-2.215,35.2,-6999,-6999,0,-6999,-6999,0
100,2012,366,800,14.45,-18.5,-1.307,37.8,-20,-4.007,41.5,-18,-.407,24.9,-18.5,-1.307,32.2,-18.5,-1.3,30.9,-18.5,-1.307,5.1,-18.5,-1.3,24.5,-20,-4.007,35.5,-6999,-6999,0,-6999,-6999,0
100,2012,366,900,14.48,-18.97,-2.14,38,-20.47,-4.84,41.5,-18.47,-1.247,24.8,-18.97,-2.147,184.3,-18.47,-1.247,121.3,-18.97,-2.14,6.1,-18.47,-1.247,24.7,-20.46,-4.832,34.4,-6999,-6999,0,-6999,-6999,0
100,2012,366,1000,14.44,-14.97,5.052,37.5,-16.47,2.353,41.2,-14.97,5.052,25,-15.47,4.16,184.1,-14.97,5.052,120.6,-14.97,5.052,7.3,-14.97,5.052,24.6,-15.97,3.245,35.2,-6999,-6999,0,-6999,-6999,0
100,2012,366,1100,14.39,-11.5,11.31,37.9,-13,8.61,41.3,-11.5,11.31,25,-11.5,11.31,184.6,-11.5,11.31,31.1,-11.5,11.3,6.9,-11.5,11.3,24.8,-13,8.61,35.1,-6999,-6999,0,-6999,-6999,0
100,2012,366,1200,14.34,-11,12.2,37.3,-12.5,9.51,40.7,-11,12.21,24.5,-11,12.2,184.6,-11,12.21,30.9,-11.49,11.32,3.8,-11.5,11.31,24.1,-12.5,9.51,34.9,-6999,-6999,0,-6999,-6999,0
100,2012,366,1300,14.31,-10.99,12.21,36.9,-12,10.41,40.6,-10.5,13.11,22.8,-11,12.21,183.9,-10.5,13.11,30.2,-10.5,13.11,3.2,-10.99,12.21,22.7,-11.99,10.42,34.9,-6999,-6999,0,-6999,-6999,0
100,2012,366,1400,14.29,-10,14,37.6,-11.5,11.3,40.8,-10,14,22.5,-10.5,13.1,184,-10,14,30.8,-10,13.99,3.8,-10,14,23,-11,12.19,34.7,-6999,-6999,0,-6999,-6999,0
100,2012,366,1500,14.28,-10.01,13.98,37.5,-11.51,11.28,41.3,-10.01,13.98,24.4,-10.5,13.09,184.6,-10.01,13.98,31.2,-10.51,13.08,9.4,-10.01,13.98,25.1,-11.51,11.29,35.4,-6999,-6999,0,-6999,-6999,0
100,2012,366,1600,14.28,-11.5,11.29,38.3,-13,8.59,42.1,-11.01,12.18,24,-11.01,12.18,184.2,-11.5,11.29,31.6,-11.5,11.29,9.3,-11,12.19,24.8,-12.51,9.48,35.8,-6999,-6999,0,-6999,-6999,0
100,2012,366,1700,14.3,-12.02,10.37,38.2,-13.52,7.67,42.1,-12.01,10.38,23.8,-12.51,9.48,181.7,-12.02,10.37,31.8,-12.02,10.37,9.3,-11.52,11.26,24.1,-13.52,7.67,34.9,-6999,-6999,0,-6999,-6999,0
100,2012,366,1800,14.32,-14.02,6.77,38.1,-15.52,4.07,42,-13.52,7.67,22.8,-14.02,6.77,184.3,-14.02,6.77,31.6,-14.02,6.77,9.4,-14.02,6.77,24,-15.52,4.07,34.9,-6999,-6999,0,-6999,-6999,0
100,2012,366,1900,14.36,-16.01,3.178,38.2,-17.51,.478,42.2,-15.52,4.07,22.7,-16.01,3.178,182,-16.01,3.178,31.7,-16.01,3.178,8.9,-16.01,3.178,24.4,-17.51,.478,35.3,-6999,-6999,0,-6999,-6999,0
100,2012,366,2000,14.41,-17.5,.493,38.4,-19,-2.207,42.3,-17.5,.5,22.3,-17.5,.493,225,-17.5,.493,31.8,-17.5,.493,8.9,-17.5,.493,24.1,-19,-2.207,35.4,-6999,-6999,0,-6999,-6999,0
100,2012,366,2100,14.45,-18,-.4,37.4,-19.5,-3.108,42.2,-17.5,.493,230,-18,-.4,28.7,-18,-.4,121.5,-18,-.4,8.4,-18,-.4,23.1,-19.5,-3.1,35.1,-6999,-6999,0,-6999,-6999,0
100,2012,366,2200,14.47,-17.99,-.385,37.5,-19.99,-3.977,42.4,-17.99,-.385,22.4,-17.99,-.385,28.2,-17.99,-.385,124.2,-17.99,-.385,8.7,-17.99,-.377,23.2,-19.49,-3.085,35.1,-6999,-6999,0,-6999,-6999,0
100,2012,366,2300,14.47,-17,1.408,36.8,-18.5,-1.292,42.2,-17,1.408,24.4,-17,1.408,182.6,-17,1.408,124.2,-17,1.408,8.6,-16.5,2.3,24,-18.5,-1.292,35.1,-6999,-6999,0,-6999,-6999,0
100,2012,366,2400,14.47,-16.5,2.293,35.7,-18,-.407,42.2,-16.5,2.293,24.6,-16.5,2.293,30.7,-16.5,2.293,124.2,-16.5,2.293,8.5,-16.5,2.3,23.7,-18,-.407,35.1,-6999,-6999,0,-6999,-6999,0
100,2013,1,100,14.47,-17,1.4,35.7,-18.5,-1.3,42.1,-17,1.4,24.9,-17,1.4,30.2,-17,1.4,124.2,-17,1.4,8.2,-16.5,2.293,24.9,-18.5,-1.3,34.7,-6999,-6999,0,-6999,-6999,0
100,2013,1,200,14.47,-17,1.408,36.8,-18.5,-1.3,42.1,-17,1.4,24.9,-17,1.4,30.1,-17,1.408,124.2,-17,1.408,7.8,-17,1.408,24.8,-18.5,-1.292,34.6,-6999,-6999,0,-6999,-6999,0
100,2013,1,300,14.46,-16.49,2.315,37.4,-18.49,-1.277,41.8,-16.99,1.423,25.7,-16.99,1.423,184.3,-16.49,2.315,124.1,-16.49,2.315,8.1,-16.49,2.315,24.8,-17.99,-.385,34.7,-6999,-6999,0,-6999,-6999,0
100,2013,1,400,14.46,-15.5,4.093,38.1,-17,1.393,40.2,-15.5,4.1,25.8,-15.5,4.093,184.3,-15.5,4.093,120.5,-15.5,4.093,6.7,-15.5,4.1,24.7,-17,1.393,35.2,-6999,-6999,0,-6999,-6999,0
100,2013,1,500,14.45,-16,3.2,37.6,-17.5,.5,40.5,-15.5,4.093,26,-16,3.2,182.5,-16,3.2,30.8,-16,3.2,7.9,-15.5,4.093,24.8,-17.5,.5,34.8,-6999,-6999,0,-6999,-6999,0
100,2013,1,600,14.45,-16,3.193,37.8,-17.5,.493,40.6,-16,3.2,25.8,-16,3.193,182.6,-16,3.193,30.9,-16,3.193,8.8,-16,3.2,24.8,-17.5,.493,35.1,-6999,-6999,0,-6999,-6999,0
100,2013,1,700,14.45,-16.5,2.308,38.1,-18,-.392,40.2,-16,3.2,26,-16.5,2.308,183.6,-16.5,2.308,30.5,-16.5,2.308,9.1,-16,3.2,24.8,-18,-.392,34.9,-6999,-6999,0,-6999,-6999,0
100,2013,1,800,14.45,-16,3.208,38.2,-17.5,.507,40.2,-16,3.208,26,-16,3.208,184.3,-16,3.208,30.7,-16,3.208,9.2,-16,3.208,24.8,-17.5,.507,34.7,-6999,-6999,0,-6999,-6999,0
100,2013,1,900,14.44,-15.5,4.108,38,-17,1.4,40.2,-15.5,4.108,25.8,-15.5,4.1,184.3,-15.5,4.108,30.5,-15.5,4.108,9.1,-15.5,4.1,25.2,-17,1.408,34.5,-6999,-6999,0,-6999,-6999,0
100,2013,1,1000,14.44,-15,5.008,38.4,-16.99,1.415,37.6,-14.99,5.015,25.9,-15.49,4.115,184.2,-15,5.008,30.4,-14.97,5.045,8.7,-15.49,4.115,25.3,-16.49,2.315,34.9,-6999,-6999,0,-6999,-6999,0
100,2013,1,1100,14.39,-14.49,5.915,38.3,-15.99,3.215,40.8,-13.99,6.822,25.4,-14.49,5.915,31.9,-14.49,5.915,30.7,-12.01,10.38,9.8,-14.49,5.915,24.8,-15.49,4.123,35.6,-6999,-6999,0,-6999,-6999,0
100,2013,1,1200,14.37,-13.49,7.72,38.3,-14.99,5.023,41.1,-12.5,9.51,25.9,-13.49,7.72,184.7,-13.48,7.73,133.1,-13.49,7.72,9.4,-13.48,7.73,24.9,-13.99,6.815,35.6,-6999,-6999,0,-6999,-6999,0
100,2013,1,1300,14.35,-12,10.4,38.3,-13.5,7.7,41.3,-12,10.4,25.9,-12.5,9.5,184.7,-11.47,11.35,29.8,-11.99,10.42,9.2,-11.5,11.3,24.8,-13,8.59,35.8,-6999,-6999,0,-6999,-6999,0
100,2013,1,1400,14.34,-12,10.39,37.9,-13.5,7.69,41.3,-12,10.4,25.7,-12.5,9.49,183.9,-8.53,16.64,31.4,-11.01,12.18,7.2,-11.51,11.29,24.8,-13.5,7.69,35.6,-6999,-6999,0,-6999,-6999,0
100,2013,1,1500,14.34,-12.5,9.49,38.7,-14,6.792,41.6,-12.01,10.39,25.6,-13,8.59,184.1,-12.5,9.49,31.5,-12.5,9.49,6.4,-12.5,9.49,25,-14,6.792,35.6,-6999,-6999,0,-6999,-6999,0
100,2013,1,1600,14.35,-13.01,8.58,38.5,-14.51,5.885,41.8,-13.01,8.58,26.1,-13.5,7.69,184.2,-13.01,8.58,31.2,-13.01,8.58,7,-13.01,8.58,25,-14.51,5.885,36,-6999,-6999,0,-6999,-6999,0
100,2013,1,1700,14.37,-14.01,6.785,38.5,-15.51,4.085,41.6,-14.01,6.785,26,-14.01,6.785,184.9,-14.01,6.785,31.4,-14.01,6.785,9,-14.01,6.785,25.1,-15.51,4.085,34.8,-6999,-6999,0,-6999,-6999,0
100,2013,1,1800,14.39,-15,5,38.5,-16.5,2.3,42,-15,5.008,25.6,-15,5,184.9,-15,5.008,31.3,-15,5.008,9.5,-15,5.008,25,-16.5,2.308,35.1,-6999,-6999,0,-6999,-6999,0
100,2013,1,1900,14.41,-15,5,38.5,-16.5,2.3,41.8,-14.5,5.9,26,-15,5,184.9,-14.5,5.893,31.4,-14.5,5.893,9.6,-14.5,5.893,25.1,-16,3.193,35.2,-6999,-6999,0,-6999,-6999,0
100,2013,1,2000,14.41,-15.01,4.985,38.4,-16.51,2.285,41.8,-14.51,5.878,26,-15.01,4.985,184.6,-15.01,4.985,31.3,-15.01,4.985,9.7,-15.01,4.985,25,-16.51,2.285,35.2,-6999,-6999,0,-6999,-6999,0
100,2013,1,2100,14.42,-15.98,3.23,38.5,-17.48,.53,42,-15.98,3.23,25.9,-15.98,3.23,184.5,-15.98,3.23,31.2,-15.98,3.23,10,-15.99,3.223,25.1,-17.49,.522,35.1,-6999,-6999,0,-6999,-6999,0
100,2013,1,2200,14.4,-13.99,6.822,38.5,-15.49,4.123,41.9,-13.98,6.83,25.6,-13.99,6.815,183.3,-13.99,6.822,31.4,-13.99,6.822,9.9,-14.48,5.93,23.8,-15.98,3.23,36,-6999,-6999,0,-6999,-6999,0
100,2013,1,2300,14.39,-12.51,9.48,38.5,-14.01,6.777,42,-12.02,10.37,25.9,-13.01,8.58,184.2,-12.51,9.48,31.2,-12.51,9.48,10.1,-12.51,9.48,23.5,-14.01,6.777,34.9,-6999,-6999,0,-6999,-6999,0
100,2013,1,2400,14.39,-14.01,6.777,38.2,-15.51,4.078,41.8,-14.01,6.785,25.8,-14.01,6.777,184.3,-14.01,6.777,31.5,-14.01,6.777,10,-14.01,6.785,21.7,-15.51,4.078,35,-6999,-6999,0,-6999,-6999,0
100,2013,2,100,14.4,-15.5,4.093,38.4,-17,1.393,41.8,-15,4.992,25.7,-15.5,4.093,184.3,-15.5,4.093,132.9,-15.5,4.093,10,-15.01,4.985,21.2,-17,1.393,34.9,-6999,-6999,0,-6999,-6999,0
100,2013,2,200,14.42,-16,3.208,38.2,-17.5,.507,41.8,-15.5,4.1,25.8,-16,3.208,184.3,-16,3.208,31.2,-16,3.208,10,-16,3.208,23.2,-17.5,.507,35,-6999,-6999,0,-6999,-6999,0
100,2013,2,300,14.43,-15.51,4.085,38.6,-17.01,1.385,42.2,-15.51,4.085,25.9,-15.51,4.085,183.7,-15.51,4.085,31.5,-15.51,4.085,9.9,-15.51,4.085,23.1,-17.01,1.385,35.1,-6999,-6999,0,-6999,-6999,0
100,2013,2,400,14.44,-16.49,2.323,38,-17.99,-.385,41.8,-16.49,2.323,25.6,-16.49,2.315,184.3,-16.49,2.323,31.1,-16.49,2.323,9.8,-16.49,2.323,23.7,-17.99,-.385,35,-6999,-6999,0,-6999,-6999,0
100,2013,2,500,14.44,-15,5,38,-17,1.408,42.2,-15,5,25.8,-15.5,4.1,184.3,-15,5,31.1,-15,5,9.8,-15,5,23.4,-17,1.408,34.8,-6999,-6999,0,-6999,-6999,0
100,2013,2,600,14.44,-15.01,4.977,38.3,-16.51,2.278,41.7,-15.01,4.977,25.7,-15.51,4.085,184.3,-15.01,4.977,31.5,-15.01,4.977,9.7,-15.01,4.977,23.4,-16.51,2.278,35.1,-6999,-6999,0,-6999,-6999,0
100,2013,2,700,14.44,-16.49,2.323,38.5,-17.99,-.377,42.2,-16.48,2.33,25.6,-16.49,2.323,184.2,-16.49,2.323,31.4,-16.49,2.323,9.9,-16.49,2.323,23.1,-17.99,-.377,34.8,-6999,-6999,0,-6999,-6999,0
100,2013,2,800,14.44,-15,5,38.5,-16.5,2.3,42.2,-14.5,5.893,25.8,-15,5,184.2,-15,5,31.4,-15,5,9.9,-15,5,24.4,-16.5,2.3,34.8,-6999,-6999,0,-6999,-6999,0
100,2013,2,900,14.42,-14.99,5.023,38.3,-16.49,2.323,42.1,-14.99,5.023,26,-14.99,5.023,182.4,-14.99,5.023,31,-14.99,5.023,9.9,-14.99,5.023,23.3,-16.49,2.323,35.8,-6999,-6999,0,-6999,-6999,0
100,2013,2,1000,14.4,-13.5,7.71,38.1,-15,5.008,42.1,-13.5,7.71,25.6,-13.5,7.7,31,-13.5,7.71,132.7,-13.49,7.72,9.4,-13.5,7.71,25,-15,5.008,35.6,-6999,-6999,0,-6999,-6999,0
100,2013,2,1100,14.36,-13,8.61,38.5,-14.5,5.908,42.2,-12.99,8.62,25.6,-13.49,7.72,31,-12.99,8.61,133.1,-12,10.39,9.9,-13,8.61,24.7,-14.49,5.923,35.2,-6999,-6999,0,-6999,-6999,0
100,2013,2,1200,14.34,-12.5,9.51,38.3,-14,6.807,42.6,-11.5,11.3,25.6,-12.48,9.53,183.1,-12,10.41,132.6,-12.49,9.52,9.5,-12.49,9.52,24.4,-12.99,8.61,35.2,-6999,-6999,0,-6999,-6999,0
100,2013,2,1300,14.33,-12,10.41,38.1,-13.49,7.72,42.1,-11.5,11.3,26,-10.5,13.1,182.1,-11.47,11.36,132.9,-11.48,11.33,8.9,-11,12.2,24.8,-12.01,10.39,35.6,-6999,-6999,0,-6999,-6999,0
100,2013,2,1400,14.33,-11.5,11.29,37.7,-12.51,9.48,42.1,-11.5,11.29,25.7,-10.52,13.07,182.3,-7.54,18.43,31.3,-9.52,14.86,9.6,-11.01,12.18,24.5,-13,8.59,35.4,-6999,-6999,0,-6999,-6999,0
100,2013,2,1500,14.33,-12.01,10.39,38.1,-13.51,7.69,42.1,-12.01,10.39,25.8,-12.5,9.49,32.1,-12.01,10.39,30.9,-12.01,10.39,9.7,-12.01,10.39,24.5,-13.51,7.69,35.8,-6999,-6999,0,-6999,-6999,0
100,2013,2,1600,14.34,-13.01,8.58,38.2,-14.51,5.885,42.3,-13.01,8.58,25.8,-13.01,8.58,182.5,-13.01,8.58,31.3,-13.01,8.58,9.3,-13.01,8.58,24.4,-14.51,5.878,34.7,-6999,-6999,0,-6999,-6999,0
100,2013,2,1700,14.36,-14.02,6.77,38.1,-15.52,4.07,42.1,-14.01,6.777,25.7,-14.51,5.878,184.3,-14.51,5.878,31.3,-14.02,6.77,9.4,-14.02,6.77,24.5,-16.01,3.178,34.9,-6999,-6999,0,-6999,-6999,0
100,2013,2,1800,14.38,-16,3.193,38.1,-17.5,.493,42.3,-15.5,4.093,25.7,-16,3.193,183.7,-16,3.193,134.1,-16,3.193,9.4,-16,3.2,24.4,-17.5,.493,35.1,-6999,-6999,0,-6999,-6999,0
100,2013,2,1900,14.41,-16.5,2.308,38.1,-18,-.4,42.7,-16,3.2,25.7,-16.5,2.3,182.7,-16.5,2.308,31.3,-16.5,2.308,9.2,-16,3.2,24.5,-18,-.392,34.9,-6999,-6999,0,-6999,-6999,0
100,2013,2,2000,14.44,-16,3.208,38.2,-17.99,-.385,42.2,-16,3.208,25.4,-16.5,2.308,184.3,-16,3.208,31.2,-16,3.208,9.5,-16,3.208,24.7,-17.5,.507,34.7,-6999,-6999,0,-6999,-6999,0
100,2013,2,2100,14.44,-15.5,4.093,38.4,-17,1.393,42.7,-15.5,4.1,25.8,-16,3.2,183.6,-15.5,4.093,31.3,-15.5,4.093,9.7,-15.5,4.093,24.8,-17,1.393,34.9,-6999,-6999,0,-6999,-6999,0
100,2013,2,2200,14.44,-16,3.193,38.1,-17.5,.493,42.6,-15.5,4.093,25.5,-16,3.193,181.9,-16,3.193,30.9,-16,3.193,9.3,-16,3.193,24.7,-17.5,.493,35.1,-6999,-6999,0,-6999,-6999,0
100,2013,2,2300,14.45,-16.51,2.278,37.9,-18.01,-.422,42.4,-16.01,3.178,25.3,-16.51,2.278,33,-16.51,2.278,31,-16.51,2.278,9.2,-16.51,2.278,24.6,-18.02,-.43,35.6,-6999,-6999,0,-6999,-6999,0
100,2013,2,2400,14.46,-18.01,-.422,38,-19.51,-3.123,42.4,-17.51,.478,25.5,-18.01,-.422,32.7,-18.01,-.422,31.3,-18.01,-.422,9.2,-18.01,-.422,24.7,-20.01,-4.015,35.7,-6999,-6999,0,-6999,-6999,0
100,2013,3,100,14.49,-19.5,-3.1,38,-21,-5.8,42.4,-19,-2.207,25.6,-19.5,-3.108,32.7,-19.5,-3.1,31.1,-19.5,-3.108,9.3,-19.5,-3.1,24.7,-21,-5.807,35,-6999,-6999,0,-6999,-6999,0
100,2013,3,200,14.52,-19.51,-3.115,38.4,-21.01,-5.815,42.6,-6999,-6999,227.4,-20,-4.007,32.8,-19.51,-3.115,31.1,-20,-4.007,9.3,-19.5,-3.108,24.6,-21.5,-6.708,35.2,-6999,-6999,0,-6999,-6999,0
100,2013,3,300,14.54,-20.5,-4.907,38.1,-22,-7.61,42.4,-6999,-6999,25.2,-20.5,-4.907,32.8,-20.5,-4.9,31.1,-20.5,-4.907,9.3,-20,-4.007,24.6,-22,-7.61,35.1,-6999,-6999,0,-6999,-6999,0
100,2013,3,400,14.54,-21,-5.8,38.1,-22.5,-8.51,42.4,-6999,-6999,227.5,-21,-5.807,33,-20.51,-4.915,31.4,-21,-5.807,9.3,-20.5,-4.907,24.6,-22.5,-8.51,35.2,-6999,-6999,0,-6999,-6999,0
100,2013,3,500,14.56,-21,-5.807,37.8,-23,-9.41,42.5,-6999,-6999,207.3,-21.5,-6.708,33,-21.5,-6.7,30.9,-21.5,-6.7,9.2,-21,-5.807,24.6,-23,-9.4,34.9,-6999,-6999,0,-6999,-6999,0
100,2013,3,600,14.57,-21.5,-6.7,37.8,-23.5,-10.29,42.3,-6999,-6999,209.3,-22,-7.6,32.9,-21.5,-6.7,30.9,-21.5,-6.7,9.2,-21.5,-6.693,24.6,-23,-9.4,34.9,-6999,-6999,0,-6999,-6999,0
100,2013,3,700,14.58,-21.5,-6.7,37.8,-23,-9.41,42.4,-6999,-6999,209.1,-22,-7.6,32.7,-21.5,-6.7,30.9,-21.5,-6.708,9.2,-21,-5.807,24.9,-23,-9.4,34.9,-6999,-6999,0,-6999,-6999,0
100,2013,3,800,14.58,-21.48,-6.67,38,-23.48,-10.27,42.4,-6999,-6999,209.1,-21.99,-7.58,32.8,-21.49,-6.685,31.1,-21.98,-7.57,9.2,-21.49,-6.678,24.4,-22.99,-9.38,35,-6999,-6999,0,-6999,-6999,0
100,2013,3,900,14.53,-19.44,-2.995,37.6,-21.44,-6.595,41.9,-6999,-6999,24.8,-20.44,-4.787,32.5,-20.44,-4.795,30.7,-19.94,-3.887,8.6,-19.95,-3.902,24.7,-21.44,-6.595,34.2,-6999,-6999,0,-6999,-6999,0
100,2013,3,1000,14.44,-12.46,9.57,38.2,-14.46,5.975,42.9,-12.96,8.67,26.2,-12.96,8.67,32.8,-13.46,7.78,132.9,-12.45,9.58,8.8,-13.46,7.77,25,-14.46,5.975,34.7,-6999,-6999,0,-6999,-6999,0
100,2013,3,1100,14.31,-7.98,17.63,38.2,-9.48,14.93,42.8,-7.98,17.64,25.4,-7.98,17.63,33.4,-8.48,16.74,133.7,-6.992,19.42,9.2,-8.98,15.84,24.7,-9.47,14.95,34.8,-6999,-6999,0,-6999,-6999,0
100,2013,3,1200,14.24,-5.992,21.21,38,-7.5,18.51,42.6,-5.5,22.1,25.6,-5.987,21.22,180.8,-5.992,21.21,132.3,-5.992,21.21,9,-6.479,20.34,24.2,-6.496,20.31,35.5,-6999,-6999,0,-6999,-6999,0
100,2013,3,1300,14.2,-4.996,23.01,211.8,-6.987,19.42,42.1,-5.492,22.12,25.7,-4.5,23.9,181.8,-4.958,23.07,29.7,-4.975,23.04,7.9,-4,24.8,24.4,-5.996,21.21,35.4,-6999,-6999,0,-6999,-6999,0
100,2013,3,1400,14.16,-4.504,23.89,212.3,-5.504,22.09,42.3,-4.496,23.91,25.4,-4.504,23.89,183.3,-.042,31.92,130.8,-2.021,28.36,9.4,-4.004,24.79,23,-5.504,22.09,35,-6999,-6999,0,-6999,-6999,0
100,2013,3,1500,14.16,-5.004,22.99,211.8,-6.008,21.18,42.1,-4.008,24.79,25,-5,23,182,-5.004,22.99,132.3,-4.504,23.89,9,-4.508,23.88,24.4,-6.004,21.19,35.1,-6999,-6999,0,-6999,-6999,0
100,2013,3,1600,14.16,-5.521,22.06,37.7,-7.02,19.36,42.1,-5.025,22.95,25.2,-5.025,22.95,33,-5.521,22.06,132.9,-5.025,22.95,9,-5.521,22.06,23,-6.525,20.26,34.7,-6999,-6999,0,-6999,-6999,0
100,2013,3,1700,14.17,-8.02,17.55,37.9,-9.52,14.86,41.9,-8.02,17.56,25,-8.02,17.55,181.5,-8.02,17.55,132.1,-8.02,17.55,9,-8.02,17.56,22.6,-9.52,14.86,35.1,-6999,-6999,0,-6999,-6999,0
100,2013,3,1800,14.21,-11.02,12.17,37.8,-12.52,9.47,42.1,-10.52,13.06,25.2,-11.02,12.17,32.8,-11.02,12.17,132.2,-11.02,12.17,9,-10.52,13.06,23.2,-12.52,9.47,34.2,-6999,-6999,0,-6999,-6999,0
100,2013,3,1900,14.27,-13.01,8.58,37.7,-14.51,5.885,42,-13,8.59,25.1,-13.01,8.58,33,-13.01,8.58,30.9,-13,8.59,9.1,-13,8.59,23.8,-14.51,5.885,34.5,-6999,-6999,0,-6999,-6999,0
100,2013,3,2000,14.32,-14,6.792,37.9,-15.51,4.085,42.3,-13.51,7.69,25.1,-14.01,6.785,183.4,-14.01,6.785,31.1,-13.51,7.69,9,-13.51,7.69,24.1,-15.5,4.093,34.4,-6999,-6999,0,-6999,-6999,0
100,2013,3,2100,14.36,-14.51,5.885,37.9,-16.5,2.293,42.4,-14.5,5.893,25.1,-15,4.992,182.5,-15,4.992,30.7,-14.51,5.885,9,-14.51,5.885,24.4,-16.01,3.185,34.7,-6999,-6999,0,-6999,-6999,0
100,2013,3,2200,14.38,-15.5,4.1,37.9,-17,1.4,42.4,-15,5,24.9,-15.5,4.1,182.5,-15.5,4.1,30.7,-15.5,4.1,9,-15.5,4.1,24.5,-17,1.4,34.7,-6999,-6999,0,-6999,-6999,0
100,2013,3,2300,14.4,-15.5,4.1,37.9,-17,1.4,42.4,-15,4.992,25.2,-15.5,4.1,183.6,-15.5,4.1,30.7,-15.5,4.1,8.9,-15.5,4.1,24.5,-17,1.4,34.7,-6999,-6999,0,-6999,-6999,0
100,2013,3,2400,14.42,-15.5,4.1,37.9,-17,1.4,42.2,-15.5,4.1,25,-15.5,4.1,183.6,-15.5,4.1,30.7,-15.5,4.1,8.7,-15.5,4.1,24.4,-17,1.4,34.7,-6999,-6999,0,-6999,-6999,0
100,2013,4,100,14.42,-15.5,4.108,37.7,-17,1.4,42.4,-15.5,4.108,24.9,-15.5,4.1,182.5,-15.5,4.1,30.7,-15.5,4.1,8.9,-15.5,4.108,24.4,-17,1.408,34.5,-6999,-6999,0,-6999,-6999,0
100,2013,4,200,14.42,-15,5,37.7,-17,1.4,42.4,-15,5,24.9,-15.5,4.1,183.6,-15.5,4.1,30.7,-15.5,4.1,8.9,-15,5,24.4,-16.5,2.3,34.5,-6999,-6999,0,-6999,-6999,0
100,2013,4,300,14.43,-15,4.992,37.9,-17,1.4,42.4,-15,5,24.9,-15.5,4.1,183.6,-15.5,4.1,30.7,-15.5,4.1,8.9,-15,5,24.4,-16.5,2.3,34.5,-6999,-6999,0,-6999,-6999,0
100,2013,4,400,14.42,-15.5,4.108,37.7,-17,1.408,42.2,-15,5,25.1,-15.5,4.108,183.6,-15.5,4.1,30.7,-15.5,4.108,8.8,-15,5,24.4,-16.5,2.3,34.5,-6999,-6999,0,-6999,-6999,0
100,2013,4,500,14.42,-15,5.008,37.6,-16.5,2.3,42.2,-15,5,25.1,-15,5,182.6,-15.5,4.108,120.3,-15,5,8.8,-15,5.008,24.6,-16.5,2.308,34.4,-6999,-6999,0,-6999,-6999,0
100,2013,4,600,14.42,-14.49,5.915,38,-16.49,2.315,42.3,-14.99,5.015,25.3,-14.99,5.015,32.7,-14.99,5.015,121.2,-14.99,5.015,9.1,-14.49,5.915,24.8,-15.99,3.215,34.3,-6999,-6999,0,-6999,-6999,0
100,2013,4,700,14.38,-13.48,7.73,37.5,-15.48,4.138,42,-13.98,6.83,25.2,-13.99,6.815,32.9,-13.98,6.83,123.9,-13.98,6.837,8.9,-13.48,7.73,24.8,-14.98,5.03,35.1,-6999,-6999,0,-6999,-6999,0
100,2013,4,800,14.35,-11.5,11.31,37.9,-13,8.61,41.9,-12,10.41,25.2,-12.98,8.64,32.2,-12,10.41,120.1,-11.5,11.31,8.7,-11.5,11.31,24.8,-13,8.61,35.1,-6999,-6999,0,-6999,-6999,0
100,2013,4,900,14.32,-10.97,12.24,37.7,-12.48,9.54,42,-11.47,11.35,25.1,-10.48,13.13,31.1,-11.48,11.34,30.9,-10.98,12.24,8.3,-10.98,12.24,24.7,-12.47,9.55,34.7,-6999,-6999,0,-6999,-6999,0
100,2013,4,1000,14.26,-7.97,17.66,38,-9.97,14.05,42.5,-8.47,16.75,25.9,-8.47,16.76,33.6,-8.97,15.85,31,-8.46,16.77,8.8,-8.47,16.74,24.4,-9.47,14.95,34.7,-6999,-6999,0,-6999,-6999,0
100,2013,4,1100,14.16,-3.983,24.83,37.7,-6.471,20.35,41.8,-4.967,23.06,24.8,-4.475,23.94,30.8,-5.471,22.15,30.7,-3.979,24.84,8.3,-5.475,22.15,24.2,-5.971,21.25,34.2,-6999,-6999,0,-6999,-6999,0
100,2013,4,1200,14.08,-1.987,28.42,37.6,-2.992,26.62,41.8,-.996,30.21,24.8,-1.487,29.32,181.1,-1.987,28.42,133.9,-1.496,29.31,8.9,-2.475,27.54,24.1,-2.487,27.52,34.1,-6999,-6999,0,-6999,-6999,0
100,2013,4,1300,14.04,-.496,31.11,37.4,-1.992,28.41,41.8,-.496,31.11,24.8,0,32,29.6,-.462,31.17,133.2,-.975,30.24,7.5,.5,32.9,24.5,-1,30.2,35.2,-6999,-6999,0,-6999,-6999,0