100,2013,141,1700,13.75,6,42.8,79.1,4.504,40.11,86.3,6,42.8,48.4,6,42.8,184.5,6,42.8,58.4,6,42.8,24.5,5.504,41.91,40,4.504,40.11,73,-6999,-6999,0,-6999,-6999,0
100,2013,141,1800,13.77,5.992,42.78,78.9,4.987,40.98,86.2,5.992,42.78,48.2,5.992,42.78,184.5,5.987,42.78,58.6,5.992,42.78,23,5.987,42.78,39.4,4.983,40.97,73.1,-6999,-6999,0,-6999,-6999,0
100,2013,141,1900,13.8,4.979,40.96,79.1,3.479,38.26,86,4.979,40.96,48.4,4.979,40.96,184.4,4.483,40.07,58,4.979,40.96,21.2,4.483,40.07,39.6,2.983,37.37,73.5,-6999,-6999,0,-6999,-6999,0
100,2013,141,2000,13.84,2.479,36.46,79,.983,33.77,85.8,2.483,36.47,48.4,2.483,36.47,183.2,2.483,36.47,58.3,2.483,36.47,21.8,2.483,36.47,39.8,.983,33.77,73.5,-6999,-6999,0,-6999,-6999,0
100,2013,141,2100,13.9,-.004,31.99,79.1,-1.004,30.19,86.2,.496,32.89,48.6,.496,32.89,183.5,.492,32.88,58,.492,32.88,21.5,.496,32.89,39.7,-1.004,30.19,73.7,-6999,-6999,0,-6999,-6999,0
100,2013,141,2200,13.94,-.5,31.1,79.1,-1.504,29.29,85.9,-.004,31.99,48.4,-.004,31.99,183.6,-.5,31.1,58,-.504,31.09,21.5,-.004,31.99,39.8,-1.5,29.3,73.7,-6999,-6999,0,-6999,-6999,0
100,2013,141,2300,13.96,-.512,31.08,79.1,-2.008,28.38,85.9,-.508,31.09,48.4,-.508,31.09,183.4,-.508,31.09,58.2,-1.008,30.18,21.4,-.508,31.09,39.6,-1.512,29.28,72.9,-6999,-6999,0,-6999,-6999,0
100,2013,141,2400,14,-2,28.4,79.1,-3,26.6,85.9,-1.504,29.29,48.7,-1.504,29.29,183.4,-1.504,29.29,120.3,-2,28.4,21.8,-1.5,29.3,39.7,-3,26.6,72.9,-6999,-6999,0,-6999,-6999,0
100,2013,142,100,14.02,-1.987,28.42,79.1,-2.992,26.62,85.9,-1.987,28.42,48.8,-1.987,28.42,183.6,-1.987,28.42,58,-1.992,28.41,21.6,-1.492,29.32,39.8,-2.992,26.62,73.8,-6999,-6999,0,-6999,-6999,0
100,2013,142,200,14.01,-.5,31.1,79.1,-2,28.4,85.9,-.5,31.1,48.8,-.5,31.1,183.6,-.5,31.1,58,-1,30.2,22,-.5,31.1,39.8,-2,28.4,73.8,-6999,-6999,0,-6999,-6999,0
100,2013,142,300,14,-.5,31.1,79.1,-2,28.4,85.9,-.5,31.1,48.8,-.5,31.1,183.6,-.5,31.1,58,-1,30.2,21.6,-.5,31.1,39.8,-1.996,28.41,73.7,-6999,-6999,0,-6999,-6999,0
100,2013,142,400,14,-.5,31.1,79.1,-2,28.4,85.9,-.5,31.1,48.6,-.504,31.09,183.6,-.5,31.1,58,-.996,30.21,21.7,-.5,31.1,39.7,-1.504,29.29,73.8,-6999,-6999,0,-6999,-6999,0
100,2013,142,500,14,-.508,31.09,79.4,-2.008,28.38,86.1,-.508,31.09,48.7,-1.004,30.19,183.7,-.508,31.09,58.2,-.508,31.09,21.8,-.508,31.09,39.7,-2.008,28.38,72.9,-6999,-6999,0,-6999,-6999,0
100,2013,142,600,14.01,-1.483,29.33,79.2,-2.979,26.64,85.9,-1.483,29.33,48.7,-1.483,29.33,183.5,-1.483,29.33,133.8,-1.483,29.33,22.1,-1.483,29.33,39.8,-2.983,26.63,73.5,-6999,-6999,0,-6999,-6999,0
100,2013,142,700,13.95,.542,32.97,79.3,-.458,31.18,85.6,.537,32.97,48.7,.537,32.97,184.2,.537,32.97,58,.546,32.98,22.7,.537,32.97,39.9,-.954,30.28,73.1,-6999,-6999,0,-6999,-6999,0
100,2013,142,800,13.86,5.55,41.99,77.5,4.517,40.13,86,5.033,41.06,48.1,5.021,41.04,184.4,5.021,41.04,58.4,6.017,42.83,23.9,5.029,41.05,39.3,4.517,40.13,73.6,-6999,-6999,0,-6999,-6999,0
100,2013,142,900,13.77,11.5,52.69,78.1,6.529,43.75,83.1,9.01,48.22,47.2,7.52,45.54,184.5,7.53,45.56,57.3,8.02,46.43,21.3,8.51,47.32,38.6,6.533,43.76,71.3,-6999,-6999,0,-6999,-6999,0
100,2013,142,1000,13.72,10.99,51.78,77.4,10,50,84.1,10.5,50.89,47.4,10,50,184.2,11.49,52.69,57.5,10,50.01,21,10,50,39.5,10.49,50.88,72.7,-6999,-6999,0,-6999,-6999,0
100,2013,142,1100,13.63,10.01,50.02,77,10,50.01,81.7,10.01,50.02,46.1,10.01,50.01,184.6,10.5,50.91,57.7,10.51,50.91,20.3,10,50.01,38.5,9.52,49.13,71,-6999,-6999,0,-6999,-6999,0
100,2013,142,1200,13.61,11.5,52.69,77.1,10.49,50.88,82.3,11.49,52.69,46.8,11,51.79,184.4,11,51.8,57.7,11.49,52.68,18.6,10.5,50.9,38.4,11.49,52.69,71.3,-6999,-6999,0,-6999,-6999,0
100,2013,142,1300,13.62,11.02,51.83,76.5,9.52,49.13,82.4,10.52,50.93,46.6,10.52,50.93,184.7,11.02,51.83,56,10.02,50.04,21.5,10.51,50.92,38.4,10.51,50.91,71,-6999,-6999,0,-6999,-6999,0
100,2013,142,1400,13.62,12.98,55.36,76.4,11.48,52.66,81.8,12.48,54.47,46.6,12.48,54.46,184.8,12.97,55.35,55.2,12.48,54.47,21,11.98,53.57,37.3,11.48,52.66,70.8,-6999,-6999,0,-6999,-6999,0
100,2013,142,1500,13.61,10.5,50.9,75.9,9,48.19,82.4,10.5,50.89,46.9,10,50,184.8,10,49.99,55.3,10.5,50.89,19.1,10,49.99,37.3,9,48.2,71.3,-6999,-6999,0,-6999,-6999,0
100,2013,142,1600,13.65,10.49,50.88,75.3,8.49,47.28,82,9.99,49.99,45.6,9.99,49.99,184.9,9.49,49.09,55,9.99,49.99,19.1,9.49,49.09,37.5,8.99,48.18,69.7,-6999,-6999,0,-6999,-6999,0
100,2013,142,1700,13.67,8.99,48.19,75.6,7.49,45.49,81.4,8.99,48.19,45.7,8.99,48.19,185,8.49,47.28,54.7,8.99,48.19,19.8,8.49,47.28,37.2,7.49,45.49,69.7,-6999,-6999,0,-6999,-6999,0
100,2013,142,1800,13.7,8,46.39,75.3,6.496,43.69,80.3,8,46.39,45.1,8,46.39,185,7.5,45.49,54.8,8,46.39,18.4,7.5,45.49,37,6.496,43.69,69.8,-6999,-6999,0,-6999,-6999,0
100,2013,142,1900,13.73,7.49,45.48,75.5,5.987,42.78,81.2,7.49,45.48,45.2,7.49,45.48,184.8,6.992,44.59,54.1,7.49,45.48,17.9,6.992,44.59,37.1,5.992,42.78,70.1,-6999,-6999,0,-6999,-6999,0
100,2013,142,2000,13.76,5.967,42.74,75.4,4.467,40.04,81.5,5.967,42.74,45,5.967,42.74,184.8,5.967,42.74,54.9,5.967,42.74,16.1,5.971,42.75,37.3,4.967,40.94,69.3,-6999,-6999,0,-6999,-6999,0
100,2013,142,2100,13.84,2.004,35.61,75.8,.504,32.91,80,2.004,35.61,45.2,2.004,35.61,184.7,2.004,35.61,133.7,2.004,35.61,15.9,2.5,36.5,37.3,1,33.8,69.3,-6999,-6999,0,-6999,-6999,0
100,2013,142,2200,13.86,2.492,36.49,75.6,.996,33.79,80.7,2.496,36.49,45.2,2.492,36.49,184.8,2.492,36.49,134.3,2.492,36.49,16.6,2.492,36.49,37.4,.996,33.79,69.5,-6999,-6999,0,-6999,-6999,0
100,2013,142,2300,13.9,1.504,34.71,75.4,.5,32.9,80.8,2,35.6,45.2,1.504,34.71,184.8,1.504,34.71,123.3,1.504,34.71,15.4,1.504,34.71,37.2,.5,32.9,69.5,-6999,-6999,0,-6999,-6999,0
100,2013,142,2400,13.92,1.996,35.59,75.6,.496,32.89,80.6,1.996,35.59,45.4,1.996,35.59,184.8,1.996,35.59,123.3,1.996,35.59,15.2,1.996,35.59,37.4,.496,32.89,69.6,-6999,-6999,0,-6999,-6999,0
100,2013,143,100,13.92,1.508,34.71,75.3,.008,32.01,80.8,1.504,34.71,45.4,1.504,34.71,184.8,1.504,34.71,54.4,1.504,34.71,15.9,1.504,34.71,37.2,.008,32.01,69.3,-6999,-6999,0,-6999,-6999,0
100,2013,143,200,13.92,2.5,36.5,75.3,1,33.8,80.8,2.004,35.61,44.9,2,35.6,185.1,2,35.6,133.3,2.004,35.61,18.9,2.004,35.61,37.1,1,33.8,69.6,-6999,-6999,0,-6999,-6999,0
100,2013,143,300,13.92,2.496,36.49,75.4,.996,33.79,80.8,2.496,36.49,44.6,2,35.6,184.8,2,35.6,54.4,2.496,36.49,18.6,2.496,36.49,37.2,.996,33.79,69.8,-6999,-6999,0,-6999,-6999,0
100,2013,143,400,13.92,1.996,35.59,75.6,.5,32.9,79.5,1.996,35.59,44.4,1.996,35.59,184.8,1.996,35.59,54.5,1.996,35.59,18.4,1.996,35.59,37.4,.5,32.9,69.5,-6999,-6999,0,-6999,-6999,0
100,2013,143,500,13.92,1.5,34.7,75.6,.5,32.9,78.7,1.5,34.7,45,1.5,34.7,184.8,1.5,34.7,54.5,1.5,34.7,18.1,1.5,34.7,37.2,.5,32.9,69.5,-6999,-6999,0,-6999,-6999,0
100,2013,143,600,13.92,1.504,34.71,75.1,.5,32.9,78.7,1.5,34.7,45,1.5,34.7,184.4,1.5,34.7,54.5,1.504,34.71,17.9,1.5,34.7,37.2,.5,32.9,69.5,-6999,-6999,0,-6999,-6999,0
100,2013,143,700,13.92,2.017,35.63,75.3,.521,32.94,78.4,1.517,34.73,44.9,1.517,34.73,47.4,1.517,34.73,54.1,2.017,35.63,16.5,1.512,34.72,37.2,.512,32.92,70.6,-6999,-6999,0,-6999,-6999,0
100,2013,143,800,13.88,4.012,39.22,214.1,3.008,37.41,80.9,3.517,38.33,45.2,3.512,38.32,184.8,3.512,38.32,53.8,4.008,39.21,16.5,3.012,37.42,36.6,2.012,35.62,69,-6999,-6999,0,-6999,-6999,0
100,2013,143,900,13.84,5.529,41.95,74.8,4.046,39.28,78.1,5.529,41.95,44.3,5.025,41.04,184.6,5.042,41.07,53.7,5.025,41.04,16.3,4.529,40.15,36.3,3.546,38.38,69,-6999,-6999,0,-6999,-6999,0
100,2013,143,1000,13.71,9.01,48.22,73.5,9.52,49.13,78.8,9,48.21,44,8.01,46.42,184.5,10.02,50.03,51.6,8.02,46.44,15.6,8.01,46.41,35.5,9,48.21,68.8,-6999,-6999,0,-6999,-6999,0
100,2013,143,1100,13.59,10,50.01,74.4,11.5,52.69,78.3,9.52,49.14,43,9.51,49.12,184.4,11.99,53.59,50.7,10.51,50.91,15.2,9.02,48.24,35.4,9.52,49.15,67.7,-6999,-6999,0,-6999,-6999,0
100,2013,143,1200,13.56,10.51,50.91,72.7,10.99,51.78,78.1,11.99,53.59,43,11,51.81,184.4,11.01,51.81,50.4,11.49,52.69,15.2,11.5,52.7,33.6,12.49,54.48,65.7,-6999,-6999,0,-6999,-6999,0
100,2013,143,1300,13.58,11.51,52.72,72.8,10,50.01,78,11,51.81,42.5,11.5,52.71,184.3,12,53.6,49.1,10.51,50.91,14.2,11.5,52.7,33.7,11,51.8,65.7,-6999,-6999,0,-6999,-6999,0
100,2013,143,1400,13.61,12.47,54.45,72.5,10.47,50.85,77,11.48,52.66,42,11.97,53.55,184.5,11.97,53.56,48.8,11.47,52.66,12.8,11.48,52.66,33.3,10.97,51.75,65,-6999,-6999,0,-6999,-6999,0
100,2013,143,1500,13.63,9,48.19,72.1,7.5,45.49,75.6,9,48.19,40.8,8.5,47.3,183.8,8.99,48.19,48.5,8.5,47.3,14.5,8.99,48.19,33.6,7.99,46.38,65.3,-6999,-6999,0,-6999,-6999,0
100,2013,143,1600,13.67,8.5,47.29,71.9,6.996,44.59,77.3,8.5,47.29,40,8.5,47.29,184.3,8,46.4,48.5,8.5,47.29,11.9,8,46.39,33,7,44.6,65.3,-6999,-6999,0,-6999,-6999,0
100,2013,143,1700,13.69,7.99,46.38,71.7,6.492,43.69,76.6,7.99,46.38,41.2,7.99,46.38,184.4,7.99,46.38,48.9,7.99,46.38,13.2,7.49,45.49,30.8,6.987,44.58,65.4,-6999,-6999,0,-6999,-6999,0
100,2013,143,1800,13.73,6.496,43.69,71.5,5.492,41.88,76.9,6.496,43.69,40.8,6.496,43.69,184.1,6.496,43.69,47.9,6.496,43.69,12.1,6.492,43.69,31.2,5.492,41.88,64.3,-6999,-6999,0,-6999,-6999,0
100,2013,143,1900,13.75,5.996,42.79,71.6,4.492,40.09,76.7,5.992,42.78,40.4,5.992,42.78,184.2,5.992,42.78,48.1,5.992,42.78,11.4,5.492,41.88,31.9,4.492,40.09,64.5,-6999,-6999,0,-6999,-6999,0
100,2013,143,2000,13.78,5.483,41.87,71.2,3.487,38.28,76.7,4.987,40.98,40.4,4.983,40.97,184.3,4.983,40.97,121.8,4.983,40.97,11.5,4.487,40.08,31.3,3.487,38.28,64.9,-6999,-6999,0,-6999,-6999,0
100,2013,143,2100,13.82,3.492,38.29,71.2,1.992,35.59,77,3.487,38.28,40.5,2.992,37.38,183.8,2.992,37.38,133.8,2.992,37.38,12.1,2.996,37.39,31.5,1.992,35.59,65.2,-6999,-6999,0,-6999,-6999,0
100,2013,143,2200,13.87,2.487,36.48,71.7,.987,33.78,77,1.992,35.59,40.6,1.992,35.59,183.9,1.992,35.59,48.1,1.992,35.59,12,2.487,36.48,31.7,.987,33.78,65.1,-6999,-6999,0,-6999,-6999,0
100,2013,143,2300,13.9,1.004,33.81,71.5,-.496,31.11,77,1,33.8,40.7,1,33.8,183.9,1,33.8,133,1,33.8,12,1.004,33.81,31.7,-.496,31.11,65,-6999,-6999,0,-6999,-6999,0
100,2013,143,2400,13.92,1.487,34.68,71.5,-.008,31.98,76.9,.996,33.79,40.4,.992,33.79,183.9,.992,33.79,133.8,.992,33.79,12.1,1.487,34.68,31.6,-.008,31.98,65.2,-6999,-6999,0,-6999,-6999,0
100,2013,144,100,13.95,-.004,31.99,71.6,-1.008,30.18,77,.492,32.88,40.6,-.004,31.99,183.9,-.004,31.99,133.9,-.004,31.99,12,-.004,31.99,31.5,-1.008,30.18,65.2,-6999,-6999,0,-6999,-6999,0
100,2013,144,200,13.97,-.504,31.09,71.3,-2.004,28.39,77,-.504,31.09,40.6,-.504,31.09,184,-.504,31.09,133.9,-.5,31.1,11.8,-.504,31.09,31.6,-2.004,28.39,65.1,-6999,-6999,0,-6999,-6999,0
100,2013,144,300,13.99,-1.004,30.19,71.4,-2.5,27.5,76.8,-1,30.2,40.4,-1,30.2,184,-1,30.2,133.9,-.521,31.06,12.6,-1,30.2,31.6,-2.5,27.5,65.3,-6999,-6999,0,-6999,-6999,0
100,2013,144,400,14,-1.496,29.31,71.3,-2.5,27.5,77,-1,30.2,40.6,-1,30.2,184.3,-1,30.2,133.9,-2.979,26.64,11.7,-.996,30.21,31.5,-2.496,27.51,65.2,-6999,-6999,0,-6999,-6999,0
100,2013,144,500,14.01,-.987,30.22,71.3,-2.487,27.52,76.8,-.992,30.21,40.6,-.992,30.21,184.3,-.992,30.21,134.3,-.496,31.11,11.6,-.496,31.11,31.8,-1.996,28.41,65.1,-6999,-6999,0,-6999,-6999,0
100,2013,144,600,13.98,.521,32.94,71.4,-.983,30.23,77,.021,32.04,40.2,.021,32.04,184.4,.017,32.03,47.9,.025,32.04,11.8,.021,32.04,31.5,-1.475,29.35,65.1,-6999,-6999,0,-6999,-6999,0
100,2013,144,700,13.9,3.033,37.46,213.5,1.037,33.87,76.9,2.533,36.56,40.2,2.533,36.56,184.4,2.037,35.67,47.8,3.037,37.47,13.3,2.537,36.57,31.4,1.533,34.76,64.1,-6999,-6999,0,-6999,-6999,0
100,2013,144,800,13.83,7.04,44.68,70.7,5.521,41.94,76.2,6.525,43.75,40.3,6.521,43.74,184.3,6.521,43.74,47.8,7.52,45.53,14.1,7.02,44.65,31.4,5.525,41.94,64.6,-6999,-6999,0,-6999,-6999,0
100,2013,144,900,13.77,12,53.61,69.5,8.03,46.46,75.5,9.52,49.13,40.6,9.02,48.23,184.4,9.03,48.25,47.6,9.51,49.12,12.3,10.01,50.02,31.5,8.53,47.35,63.6,-6999,-6999,0,-6999,-6999,0
100,2013,144,1000,13.64,12.51,54.51,69.5,12.03,53.65,73.4,11.51,52.72,39.1,11.02,51.83,184.2,12.52,54.54,45.7,11.02,51.84,12.1,11.51,52.72,30.5,12,53.61,63.5,-6999,-6999,0,-6999,-6999,0
100,2013,144,1100,13.49,13.51,56.32,69.1,15.5,59.9,73.4,13.02,55.44,38.4,13.02,55.44,40.6,15,59,45.7,14.01,57.22,9,12.52,54.54,30.8,12.52,54.54,61.1,-6999,-6999,0,-6999,-6999,0
100,2013,144,1200,13.45,15.02,59.04,67.9,15.5,59.91,73.4,16,60.81,38.3,15.51,59.92,39.6,15.02,59.04,44.2,15.5,59.91,10.6,15.02,59.03,28.5,15.51,59.91,59,-6999,-6999,0,-6999,-6999,0
100,2013,144,1300,13.46,17.49,63.49,67.9,15.99,60.78,73.1,16.49,61.69,36.4,16.99,62.59,40,17.49,63.48,43.2,16,60.8,8.4,16.99,62.59,27.7,16.49,61.68,59.4,-6999,-6999,0,-6999,-6999,0
100,2013,144,1400,13.49,16.49,61.69,68.1,14.5,58.09,72.9,15.5,59.89,36.9,16,60.79,38.3,15.99,60.78,43.4,16,60.8,9.8,15.99,60.78,27.6,14.99,58.99,58.9,-6999,-6999,0,-6999,-6999,0
100,2013,144,1500,13.49,15.5,59.89,67.9,13.99,57.19,72.7,14.99,58.99,36.1,15.49,59.88,38.4,14.99,58.99,43.1,15.99,60.78,9.2,15,59.01,27.4,14,57.2,58.4,-6999,-6999,0,-6999,-6999,0
100,2013,144,1600,13.54,14.99,58.98,67.8,12.99,55.38,72.5,13.99,57.19,36.7,14.49,58.09,38.4,13.99,57.19,42.7,14.99,58.98,9.4,15.48,59.87,27.1,13.99,57.18,58.9,-6999,-6999,0,-6999,-6999,0
100,2013,144,1700,13.56,13.49,56.28,67.1,11.5,52.69,72.4,12.99,55.38,36.3,13.49,56.28,37.9,12.99,55.38,42.1,13.49,56.28,8.6,13.48,56.27,26.8,12.49,54.48,58.1,-6999,-6999,0,-6999,-6999,0
100,2013,144,1800,13.6,12.47,54.45,66.2,10.97,51.75,71.7,11.97,53.56,35.2,11.97,53.56,37.9,11.97,53.55,41.8,11.97,53.56,7,11.47,52.65,26.7,10.97,51.74,57.2,-6999,-6999,0,-6999,-6999,0
100,2013,144,1900,13.65,9.47,49.05,66.8,7.47,45.45,72.2,8.97,48.16,35.5,8.97,48.16,37.4,8.47,47.25,42,8.97,48.16,8,7.98,46.36,25.5,6.979,44.56,57.9,-6999,-6999,0,-6999,-6999,0
100,2013,144,2000,13.72,5.975,42.75,66.9,4.475,40.06,72.4,5.975,42.75,35.9,5.975,42.75,38,5.475,41.85,42.1,5.975,42.75,7.5,5.479,41.86,26.3,4.475,40.06,58.2,-6999,-6999,0,-6999,-6999,0
100,2013,144,2100,13.8,2.992,37.38,67.2,1.492,34.68,72,2.992,37.38,35.9,2.992,37.38,38.1,2.496,36.49,41.7,2.992,37.38,7.5,2.992,37.38,26.6,1.492,34.68,58,-6999,-6999,0,-6999,-6999,0
100,2013,144,2200,13.86,1.996,35.59,66.7,.496,32.89,72.3,1.996,35.59,35.9,1.996,35.59,38.1,1.992,35.59,133.3,1.992,35.59,7.3,1.992,35.59,26.7,.496,32.89,58.2,-6999,-6999,0,-6999,-6999,0
100,2013,144,2300,13.9,1.496,34.69,66.9,-.004,31.99,72.5,1.496,34.69,36.1,1.496,34.69,38.3,1,33.8,41.9,1,33.8,7.3,1,33.8,26.7,-.004,31.99,58.3,-6999,-6999,0,-6999,-6999,0
100,2013,144,2400,13.92,.996,33.79,67,-.504,31.09,70.8,.996,33.79,36.1,.996,33.79,38.2,.996,33.79,133.8,.996,33.79,7.3,1,33.8,26.7,-.5,31.1,58.3,-6999,-6999,0,-6999,-6999,0
100,2013,145,100,13.94,.5,32.9,67,-1,30.2,72.2,.5,32.9,36.1,.5,32.9,38.2,.5,32.9,133.8,.5,32.9,7.3,1,33.8,26.7,-.5,31.1,58.3,-6999,-6999,0,-6999,-6999,0
100,2013,145,200,13.96,.508,32.91,67.3,-.992,30.21,72.3,.504,32.91,36.1,.504,32.91,38.3,.504,32.91,133.8,.508,32.91,6.7,1.004,33.81,26.6,-.496,31.11,58.2,-6999,-6999,0,-6999,-6999,0
100,2013,145,300,13.95,1.496,34.69,66.9,-.004,31.99,72.3,1,33.8,35.7,1,33.8,38.1,.996,33.79,133.8,1.496,34.69,6.6,1.496,34.69,26.5,-.004,31.99,58.3,-6999,-6999,0,-6999,-6999,0
100,2013,145,400,13.95,.983,33.77,67,-.517,31.07,72.4,.983,33.77,35.9,.983,33.77,38.2,.487,32.88,132.6,.987,33.78,6.9,.983,33.77,26.7,-.517,31.07,57.7,-6999,-6999,0,-6999,-6999,0
100,2013,145,500,13.98,-1.004,30.19,67.1,-2.5,27.5,72.4,-1.004,30.19,36,-1.004,30.19,38.2,-1.004,30.19,133.1,-.508,31.09,6.8,-1.004,30.19,26.7,-2.504,27.49,57.9,-6999,-6999,0,-6999,-6999,0
100,2013,145,600,14,-1.479,29.34,66.9,-2.483,27.53,68.1,-1.479,29.34,35.9,-1.483,29.33,38.4,-1.483,29.33,42,-1.479,29.34,6.6,-1.479,29.34,26.7,-2.979,26.64,58.3,-6999,-6999,0,-6999,-6999,0
100,2013,145,700,13.94,1.058,33.91,67.2,-.446,31.2,72.1,1.046,33.88,36.3,.554,33,38.2,.542,32.97,42.5,1.063,33.91,5.3,1.05,33.89,27.3,-.45,31.19,58.1,-6999,-6999,0,-6999,-6999,0
100,2013,145,800,13.83,8.05,46.5,64.6,6.025,42.84,71.5,6.542,43.78,34.7,7.02,44.65,181.3,5.542,41.97,41.9,8.52,47.34,10.1,7.03,44.66,25.9,5.533,41.96,57.8,-6999,-6999,0,-6999,-6999,0
100,2013,145,900,13.74,14.5,58.09,65.3,9.03,48.25,70.1,11.52,52.73,33.8,10.02,50.04,180.2,10.53,50.96,41.1,11.02,51.83,7.3,11.01,51.81,25,9.54,49.18,55.2,-6999,-6999,0,-6999,-6999,0
100,2013,145,1000,13.61,14.01,57.22,65.3,12.54,54.57,67.8,13.51,56.32,34.2,12.52,54.54,36.5,14.52,58.15,38.9,13.02,55.44,7.1,12.02,53.64,25.8,14.5,58.11,56.3,-6999,-6999,0,-6999,-6999,0
100,2013,145,1100,13.46,15.51,59.91,65,17.5,63.49,69.5,15.02,59.04,33.6,15.02,59.03,35.6,17.49,63.49,39.1,16,60.81,5.2,14.52,58.13,24.5,15.02,59.03,54.5,-6999,-6999,0,-6999,-6999,0
100,2013,145,1200,13.43,16.52,61.73,63.4,17,62.59,68.5,17.5,63.5,32.7,17.01,62.62,33.6,16.52,61.73,38.1,16.5,61.71,4.9,16.51,61.72,22.5,17.01,62.62,53.3,-6999,-6999,0,-6999,-6999,0
100,2013,145,1300,13.43,18.47,65.25,63,16.47,61.66,68.1,17.48,63.46,31.5,17.97,64.35,34.3,18.47,65.25,38,16.98,62.57,7.1,17.97,64.35,23.5,17.97,64.35,52.3,-6999,-6999,0,-6999,-6999,0
100,2013,145,1400,13.49,15.5,59.9,62.3,13.5,56.31,67.5,15,59.01,31.8,15,59.01,181.5,15,59.01,37.9,15,59.01,1.7,15,59,22.8,14.5,58.1,52.7,-6999,-6999,0,-6999,-6999,0
100,2013,145,1500,13.5,15.5,59.91,62.3,14,57.21,67.7,15.5,59.9,31.3,15.5,59.9,179.7,15.5,59.9,37.4,15.5,59.91,3.3,15,59,23,14.5,58.1,52.3,-6999,-6999,0,-6999,-6999,0
100,2013,145,1600,13.52,15.99,60.78,61.1,14.49,58.08,67.1,15.49,59.88,30.1,15.49,59.88,33.1,15.49,59.88,36.9,15.99,60.78,3.7,15,58.99,21.1,14.49,58.09,52.6,-6999,-6999,0,-6999,-6999,0
100,2013,145,1700,13.54,14.99,58.98,62,12.99,55.38,66.9,14.49,58.08,31.4,14.49,58.09,34.3,13.99,57.19,37.5,14.99,58.99,2.7,14.48,58.07,21.4,13.48,56.27,51.4,-6999,-6999,0,-6999,-6999,0
100,2013,145,1800,13.57,13.48,56.27,60.8,11.49,52.68,66.2,12.98,55.37,30.1,13.48,56.27,33.1,12.98,55.37,36.6,13.98,57.16,3.7,12.48,54.47,21.3,11.48,52.67,51.9,-6999,-6999,0,-6999,-6999,0
100,2013,145,1900,13.61,11.47,52.65,60.4,9.97,49.95,65.2,10.97,51.75,30,11.47,52.64,33.1,10.97,51.74,36.6,11.47,52.64,1.7,10.47,50.85,20.7,9.47,49.05,52.1,-6999,-6999,0,-6999,-6999,0
100,2013,145,2000,13.67,7.97,46.35,61.1,6.475,43.66,65.9,7.47,45.45,30,7.47,45.45,33,6.975,44.56,36.8,7.47,45.45,-.6,6.979,44.56,21,5.975,42.75,52.1,-6999,-6999,0,-6999,-6999,0
100,2013,145,2100,13.75,4.5,40.1,61.1,3.492,38.29,66.1,4.496,40.09,29.8,4.496,40.09,32.7,3.996,39.19,36.9,4.5,40.1,2.4,4.492,40.09,21.5,2.996,37.39,51.9,-6999,-6999,0,-6999,-6999,0
100,2013,145,2200,13.81,4.525,40.15,61.1,2.525,36.54,67,4.021,39.24,30.9,4.025,39.24,32.3,3.525,38.35,36.7,4.525,40.15,1,3.521,38.34,22,2.521,36.54,53.4,-6999,-6999,0,-6999,-6999,0
100,2013,145,2300,13.81,7.5,45.51,212.6,5.5,41.9,65.6,6.504,43.71,30.1,7,44.61,32.1,6.508,43.72,36.5,7.5,45.51,2.3,6.008,42.81,21.9,5.004,41.01,53.2,-6999,-6999,0,-6999,-6999,0
100,2013,145,2400,13.8,8,46.4,212.1,5.504,41.91,65.8,7,44.6,29.9,7.5,45.5,32.8,7.5,45.49,36.6,8,46.4,1.7,7.01,44.62,21,5.508,41.91,52,-6999,-6999,0,-6999,-6999,0
100,2013,146,100,13.79,8,46.4,211.6,5.996,42.79,66,7,44.6,30.1,7.5,45.5,32.3,7,44.6,36.6,8,46.4,1.5,8,46.39,21.2,6.5,43.7,52.4,-6999,-6999,0,-6999,-6999,0
100,2013,146,200,13.78,8,46.4,60.4,5.504,41.91,65.5,7,44.6,29.6,7.5,45.49,32.3,7,44.6,36.1,8,46.4,.9,7.5,45.51,20.6,6.496,43.69,52.1,-6999,-6999,0,-6999,-6999,0
100,2013,146,300,13.78,8.01,46.41,212.1,6.004,42.81,65.5,7.01,44.62,30,7.01,44.62,32.8,7.01,44.62,36.7,8.01,46.41,.2,8.01,46.41,20.3,6.012,42.82,52.6,-6999,-6999,0,-6999,-6999,0
100,2013,146,400,13.77,8.99,48.19,59.9,6.5,43.7,65.8,8.5,47.29,29.7,8,46.4,32.1,8,46.39,36.5,9,48.19,.3,8.99,48.19,20.6,7.49,45.49,52,-6999,-6999,0,-6999,-6999,0
100,2013,146,500,13.76,7.99,46.38,60.4,6.487,43.68,66.1,7.98,46.37,29.3,7.98,46.37,32.2,7.49,45.48,36.4,8.48,47.27,1.1,7.98,46.37,20.2,6.487,43.68,51.1,-6999,-6999,0,-6999,-6999,0
100,2013,146,600,13.76,6.504,43.71,60.2,5.004,41.01,66.6,6.004,42.81,29.4,6.004,42.81,32.7,6,42.8,36.4,6.504,43.71,1,6,42.8,18.8,5,41,51.1,-6999,-6999,0,-6999,-6999,0
100,2013,146,700,13.78,7.02,44.63,212.1,5.512,41.92,66.6,6.512,43.72,29.8,6.517,43.73,33.3,6.021,42.84,36.3,7.02,44.63,4.8,6.021,42.84,20.4,5.021,41.04,51.6,-6999,-6999,0,-6999,-6999,0
100,2013,146,800,13.76,9,48.2,59.6,7,44.6,66.1,8,46.41,29.5,8.5,47.3,31.8,8.5,47.29,35.9,9,48.2,-.4,8.49,47.28,20.5,7.5,45.49,51.8,-6999,-6999,0,-6999,-6999,0
100,2013,146,900,13.74,9.02,48.23,60.5,7.03,44.65,65.7,8.52,47.33,29.8,8.51,47.32,32.2,8.02,46.44,35.7,9.01,48.22,2.9,7.52,45.54,20.4,7.03,44.66,51,-6999,-6999,0,-6999,-6999,0
100,2013,146,1000,13.62,11.03,51.85,59,10.55,50.99,62.4,10.53,50.95,29.2,10.03,50.06,31.7,11.04,51.87,34.2,10.53,50.96,.3,10.53,50.95,19.1,11.02,51.84,50.1,-6999,-6999,0,-6999,-6999,0
100,2013,146,1100,13.47,14.51,58.12,57.4,16.49,61.69,62,14.02,57.25,26.4,14.02,57.23,30.5,15.5,59.9,33.2,14.51,58.12,-4.5,14.02,57.23,19.5,14.02,57.24,47.8,-6999,-6999,0,-6999,-6999,0
100,2013,146,1200,13.44,16.02,60.83,56.6,15.51,59.91,61.4,17,62.6,27.3,16.01,60.82,28.1,15.52,59.94,32.1,16,60.81,-1.3,16.01,60.82,16.8,16.51,61.72,46.7,-6999,-6999,0,-6999,-6999,0
100,2013,146,1300,13.46,17.97,64.35,56.8,16.47,61.66,60.3,16.98,62.57,26.4,17.47,63.45,29.5,18.47,65.25,31.9,16.48,61.67,-1.4,17.47,63.45,16.4,17.47,63.45,46.1,-6999,-6999,0,-6999,-6999,0
100,2013,146,1400,13.49,14.98,58.97,56.1,13.48,56.27,60.4,14.98,58.96,26,14.48,58.07,28.7,14.98,58.96,31.1,14.49,58.08,-3.4,14.48,58.06,15.8,13.98,57.16,46.6,-6999,-6999,0,-6999,-6999,0
100,2013,146,1500,13.54,12.99,55.38,55.9,11.49,52.69,60.2,12.49,54.49,25.6,12.49,54.49,28.5,12.49,54.49,31.4,12.99,55.38,-2.8,11.99,53.59,15.9,11.49,52.69,46.5,-6999,-6999,0,-6999,-6999,0
100,2013,146,1600,13.58,12,53.59,56.4,10.5,50.89,61.2,11.5,52.69,26.4,11.5,52.7,28.7,11.5,52.69,31.5,12,53.59,-2.9,11,51.79,13.5,10.5,50.89,46.7,-6999,-6999,0,-6999,-6999,0
100,2013,146,1700,13.62,11.48,52.66,55.7,9.98,49.96,60.4,10.98,51.76,25.5,11.47,52.66,28.4,10.97,51.75,30.7,11.48,52.66,-2.6,10.48,50.87,15.6,9.97,49.95,46.1,-6999,-6999,0,-6999,-6999,0
100,2013,146,1800,13.65,8.99,48.18,55.6,7.49,45.48,60,8.49,47.28,26,8.49,47.28,28.2,7.99,46.38,30.5,8.98,48.17,-2,8.48,47.27,15.3,6.987,44.58,46.1,-6999,-6999,0,-6999,-6999,0
100,2013,146,1900,13.71,7.49,45.48,55.1,5.983,42.77,60.6,6.992,44.59,26.1,6.987,44.58,28.2,6.492,43.69,133.1,6.992,44.59,-3.9,6.492,43.69,14.4,5.492,41.88,46.4,-6999,-6999,0,-6999,-6999,0
100,2013,146,2000,13.76,5.992,42.78,54.4,3.992,39.18,60.1,5.987,42.78,26,5.492,41.88,28,5.487,41.88,132.9,5.992,42.78,-3.8,5.492,41.88,14,4.487,40.08,46.6,-6999,-6999,0,-6999,-6999,0
100,2013,146,2100,13.8,4.992,40.99,54.4,2.992,37.38,59.9,4.492,40.09,26.2,4.492,40.09,28.3,3.992,39.18,133.2,4.987,40.98,-5.2,4.492,40.09,15.1,2.992,37.38,45.4,-6999,-6999,0,-6999,-6999,0
100,2013,146,2200,13.84,3.983,39.17,54.6,1.987,35.58,60.2,3.487,38.28,26.3,3.487,38.28,28.6,2.992,37.38,133.8,3.487,38.28,-4.6,3.492,38.29,14.9,1.992,35.59,45.7,-6999,-6999,0,-6999,-6999,0
100,2013,146,2300,13.88,1.996,35.59,54.7,.496,32.89,60.2,1.996,35.59,26.4,1.996,35.59,28.5,1.996,35.59,133.8,1.996,35.59,-5.6,2.492,36.49,15.4,.992,33.79,46,-6999,-6999,0,-6999,-6999,0
100,2013,146,2400,13.9,1.537,34.77,53.7,.029,32.05,59.9,1.529,34.75,26,1.529,34.75,28.2,1.529,34.75,30.4,1.533,34.76,-5.4,1.533,34.76,14.9,.033,32.06,46.6,-6999,-6999,0,-6999,-6999,0
100,2013,147,100,13.86,6.008,42.81,213.5,3.508,38.32,60.1,5.008,41.01,26,5.008,41.01,28.5,5.008,41.01,30.6,5.512,41.92,-4.9,5.512,41.92,14.5,4.012,39.22,45.8,-6999,-6999,0,-6999,-6999,0
100,2013,147,200,13.82,7,44.6,213.5,4.504,40.11,60.6,6.004,42.81,26.3,6.004,42.81,28.4,6.004,42.81,30.5,7,44.61,-3.9,7,44.61,14.3,5.504,41.91,45.7,-6999,-6999,0,-6999,-6999,0
100,2013,147,300,13.81,7,44.6,213.5,5,41,60.3,6.5,43.7,25.8,6.5,43.7,28.1,6.5,43.7,30.5,7.5,45.49,-4.7,7.5,45.49,13.8,5.996,42.79,44.9,-6999,-6999,0,-6999,-6999,0
100,2013,147,400,13.8,7,44.6,213.5,5.004,41.01,60.6,6.504,43.71,26,6.504,43.71,28.4,6.504,43.71,30.4,7,44.61,-4.7,7,44.61,13.8,5.504,41.91,46,-6999,-6999,0,-6999,-6999,0
100,2013,147,500,13.8,7,44.61,213.5,5.5,41.9,60.3,7,44.6,26.3,7,44.6,28.4,7,44.6,30.4,7.5,45.49,-4.4,7.5,45.49,13.8,6,42.8,45.7,-6999,-6999,0,-6999,-6999,0
100,2013,147,600,13.8,7.5,45.51,213.4,5.508,41.91,60.1,7.01,44.62,26.1,7.01,44.62,27.7,7,44.61,30.2,7.01,44.62,-2.2,7.01,44.62,13.7,6.008,42.81,45.6,-6999,-6999,0,-6999,-6999,0
100,2013,147,700,13.77,8.01,46.42,213.4,6.521,43.74,60,8.02,46.43,26.3,8.01,46.42,28.2,7.51,45.52,30.4,8.02,46.44,-4.6,8.51,47.31,14.1,7.01,44.62,45.6,-6999,-6999,0,-6999,-6999,0
100,2013,147,800,13.73,9.51,49.12,53.5,9,48.19,58.9,10,49.99,25.3,9.5,49.1,27.5,9,48.21,29.8,10.49,50.88,-6.6,9.5,49.09,14.6,8.5,47.3,45.1,-6999,-6999,0,-6999,-6999,0
100,2013,147,900,13.71,10.49,50.88,54.9,8.5,47.29,59.5,9.5,49.09,25.5,9.5,49.09,27.4,9.5,49.09,29.9,9.5,49.1,-4.4,9,48.2,14.4,8.5,47.3,44.8,-6999,-6999,0,-6999,-6999,0
100,2013,147,1000,13.69,9.51,49.12,53.4,8.02,46.44,58.2,9.02,48.23,25.1,9.01,48.22,182.6,9.02,48.24,28.8,9.51,49.12,-3.9,9.01,48.22,13.9,8.51,47.32,45.2,-6999,-6999,0,-6999,-6999,0
100,2013,147,1100,13.55,11.03,51.85,53.2,11.02,51.84,57.9,11.03,51.86,24.1,10.53,50.96,182.6,11.52,52.74,28.7,11.03,51.85,-4.8,10.53,50.96,12.9,10.04,50.07,43.6,-6999,-6999,0,-6999,-6999,0
100,2013,147,1200,13.5,14.51,58.12,51.7,14,57.21,57.1,15,59,24.3,14.51,58.12,24.2,14.02,57.24,28.2,14.5,58.11,-2.8,14.51,58.12,10.9,15,59.01,41.4,-6999,-6999,0,-6999,-6999,0
100,2013,147,1300,13.49,15.98,60.77,51.8,14.48,58.07,57.2,14.99,58.99,23.3,15.49,59.88,23.5,16.48,61.67,27.3,14.99,58.98,-5.5,15.98,60.77,9.6,15.48,59.87,41.3,-6999,-6999,0,-6999,-6999,0
100,2013,147,1400,13.53,14.01,57.22,51.5,12.5,54.51,57.5,14,57.21,23.4,14,57.21,22.5,14.5,58.11,26.7,13.51,56.32,-1.2,14,57.21,9.3,13.5,56.3,41.3,-6999,-6999,0,-6999,-6999,0
100,2013,147,1500,13.52,14.98,58.97,51.3,12.99,55.38,56.7,14.48,58.06,22.8,14.48,58.06,21.8,14.98,58.96,26.4,14.98,58.96,-2.1,14.48,58.07,8.4,13.48,56.27,40.6,-6999,-6999,0,-6999,-6999,0
100,2013,147,1600,13.54,12.98,55.37,51,11.48,52.67,56.9,11.99,53.58,22.9,11.99,53.58,21.6,12.48,54.47,26.3,12.48,54.47,-2.5,12.49,54.48,8.1,11.48,52.67,40.9,-6999,-6999,0,-6999,-6999,0
100,2013,147,1700,13.6,10.99,51.78,51.3,9.49,49.09,56.6,10.49,50.88,22.5,10.49,50.88,21.8,10.49,50.88,25.4,10.5,50.89,-2.7,10.99,51.78,8.8,9.49,49.09,40.9,-6999,-6999,0,-6999,-6999,0
100,2013,147,1800,13.65,9.99,49.99,49.8,8.49,47.28,56.3,9.49,49.09,21.9,9.5,49.09,19.9,9.49,49.09,25.3,9.99,49.99,-6.2,9.5,49.09,7.7,8.5,47.29,39.7,-6999,-6999,0,-6999,-6999,0
100,2013,147,1900,13.68,8.98,48.17,50.5,7.48,45.47,56.4,8.49,47.28,21.4,8.98,48.17,20,8.48,47.27,25.9,8.98,48.17,-1.5,8.98,48.16,7.8,7.98,46.36,39.9,-6999,-6999,0,-6999,-6999,0
100,2013,147,2000,13.71,6.971,44.55,50.7,5.471,41.85,56.5,6.971,44.55,21.9,6.971,44.55,20.3,6.471,43.65,25.8,6.971,44.55,-4.2,6.475,43.66,8.2,5.471,41.85,39.7,-6999,-6999,0,-6999,-6999,0
100,2013,147,2100,13.79,3.487,38.28,51.3,1.992,35.59,56.6,3.492,38.29,21.5,3.487,38.28,20.9,2.992,37.38,133,3.487,38.28,-5.6,3.487,38.28,8.4,1.992,35.59,39.9,-6999,-6999,0,-6999,-6999,0
100,2013,147,2200,13.85,1.992,35.59,51.6,.992,33.79,56.7,2.492,36.49,21.6,1.996,35.59,20.9,1.992,35.59,133.8,1.996,35.59,-6.9,1.996,35.59,8.4,.992,33.79,40.2,-6999,-6999,0,-6999,-6999,0
100,2013,147,2300,13.9,.992,33.79,51.4,-.012,31.98,56.9,1.487,34.68,21.8,1.487,34.68,21,.992,33.79,133.8,1.487,34.68,-6.6,1.492,34.68,8.4,-.008,31.98,40.2,-6999,-6999,0,-6999,-6999,0
100,2013,147,2400,13.93,-.004,31.99,51.1,-1.5,29.3,56.7,-.004,31.99,21.8,-.004,31.99,21.1,-.004,31.99,133.9,0,32,-6.6,.492,32.88,8.5,-1.008,30.18,40.5,-6999,-6999,0,-6999,-6999,0
100,2013,148,100,13.96,-.504,31.09,51.3,-1.504,29.29,56.7,-.5,31.1,21.8,-.5,31.1,20.9,-.5,31.1,133.9,-.004,31.99,-7.1,-.5,31.1,8.5,-2,28.4,40.5,-6999,-6999,0,-6999,-6999,0
100,2013,148,200,13.98,-1,30.2,50.9,-2.004,28.39,56.8,-.504,31.09,21.9,-.504,31.09,21,-.504,31.09,134.4,-.504,31.09,-6.1,-.504,31.09,8.3,-2,28.4,40.5,-6999,-6999,0,-6999,-6999,0
100,2013,148,300,14,-1.004,30.19,51.1,-2.504,27.49,56.8,-1.004,30.19,21.9,-1.004,30.19,21,-1.004,30.19,133.9,-1.004,30.19,-6.4,-1.004,30.19,8.5,-2.008,28.38,40.3,-6999,-6999,0,-6999,-6999,0
100,2013,148,400,14.01,-1.5,29.3,50.9,-3,26.6,56.6,-1.5,29.3,21.7,-1.5,29.3,20.9,-1.5,29.3,133.9,-1.504,29.29,-6.3,-1.5,29.3,8.5,-3,26.6,40.3,-6999,-6999,0,-6999,-6999,0
100,2013,148,500,14.02,-1.5,29.3,50.9,-3,26.6,56.6,-1.5,29.3,21.9,-1.504,29.29,21,-1.5,29.3,25.9,-1.996,28.41,-6.4,-1.5,29.3,8.5,-3,26.6,40.3,-6999,-6999,0,-6999,-6999,0
100,2013,148,600,14.02,-1.483,29.33,51.3,-2.983,26.63,56.9,-1.487,29.32,22,-1.979,28.44,20.9,-1.487,29.32,26,-1.483,29.33,-5.7,-1.483,29.33,8.4,-2.983,26.63,40.2,-6999,-6999,0,-6999,-6999,0
100,2013,148,700,13.95,.55,32.99,51.2,-.946,30.3,56.9,.05,32.09,23.9,.546,32.98,21.9,.046,32.08,133.1,.554,33,-4,.537,32.97,8.2,-.954,30.28,39.9,-6999,-6999,0,-6999,-6999,0
100,2013,148,800,13.86,6.55,43.79,49.1,5.521,41.94,56.2,6.033,42.86,22.4,6.021,42.84,20.8,5.529,41.95,25.5,7.02,44.63,-2.6,5.025,41.04,6.8,4.521,40.14,39.1,-6999,-6999,0,-6999,-6999,0
100,2013,148,900,13.77,12.5,54.51,49.4,8.04,46.47,55.2,10.02,50.04,20.4,8.52,47.34,182.9,9.03,48.25,24.9,9.02,48.25,-5.8,8.03,46.45,7.1,7.05,44.68,39.7,-6999,-6999,0,-6999,-6999,0
100,2013,148,1000,13.7,12.98,55.37,50.6,12.48,54.46,56,12.49,54.48,21.8,11.5,52.69,182.5,12.49,54.49,24.9,12,53.59,-1.2,11.5,52.69,7.8,12.48,54.47,39.9,-6999,-6999,0,-6999,-6999,0
100,2013,148,1100,13.63,11.02,51.83,49.4,10.02,50.03,54.8,11.02,51.84,20.6,11.02,51.83,183.4,11.51,52.72,24.7,11.52,52.73,-3.8,11.02,51.83,7,10.52,50.94,38.1,-6999,-6999,0,-6999,-6999,0
100,2013,148,1200,13.6,12.99,55.38,48.8,11.99,53.58,52.6,13.49,56.28,20.6,12.99,55.38,182.8,12.99,55.38,24.8,13.48,56.27,-3.4,12.99,55.38,6.1,12.98,55.37,38.1,-6999,-6999,0,-6999,-6999,0
100,2013,148,1300,13.6,12,53.59,48,10.5,50.89,53.9,12,53.59,20.3,11.99,53.59,19.1,11.5,52.69,24.3,11.5,52.69,-4.2,11.5,52.69,4.7,11,51.79,37.9,-6999,-6999,0,-6999,-6999,0
100,2013,148,1400,13.61,11.49,52.69,48.3,10,49.99,52.5,11.49,52.69,19.8,11,51.79,16.8,11,51.79,23.5,11,51.79,-5.8,11,51.79,4.9,10.49,50.88,38.2,-6999,-6999,0,-6999,-6999,0
100,2013,148,1500,13.62,10.49,50.88,48.1,9.49,49.08,53.4,10.49,50.88,18.6,10.49,50.88,182,10.49,50.88,22.9,10.49,50.88,-4.7,10.49,50.88,4.1,9.49,49.09,37.4,-6999,-6999,0,-6999,-6999,0
100,2013,148,1600,13.65,9.51,49.12,48.6,8.01,46.41,53.2,9.51,49.12,19.8,9.51,49.12,180.4,9.01,48.22,22.5,9.51,49.12,-1.4,9.51,49.12,5.2,8.51,47.31,37.1,-6999,-6999,0,-6999,-6999,0
100,2013,148,1700,13.67,10.99,51.78,47.1,8.99,48.19,53,10.49,50.88,19,10.49,50.88,180.3,10.49,50.88,22.3,10.99,51.78,-5.7,10.5,50.89,2.8,9.5,49.09,37.3,-6999,-6999,0,-6999,-6999,0
100,2013,148,1800,13.67,9.99,49.98,48,7.99,46.38,51.9,9.49,49.09,18.4,9.49,49.09,17.3,9.49,49.08,22.2,9.99,49.98,-3.6,9.99,49.98,5,8.99,48.18,36.9,-6999,-6999,0,-6999,-6999,0
100,2013,148,1900,13.69,8.49,47.28,47.4,6.987,44.58,52.6,8.49,47.28,18.6,8.49,47.28,17.1,7.99,46.38,22.4,8.49,47.28,-4.9,8.49,47.28,3.4,7.49,45.48,37.4,-6999,-6999,0,-6999,-6999,0
100,2013,148,2000,13.73,7.5,45.49,46.6,5.5,41.9,52.9,6.996,44.59,18.7,7,44.6,16,7,44.6,21.9,7.5,45.49,-2.3,7,44.6,4.5,5.996,42.79,37.6,-6999,-6999,0,-6999,-6999,0
100,2013,148,2100,13.76,6.996,44.59,47.3,5.496,41.89,52.2,6.5,43.7,18.7,6.996,44.59,16.5,6.992,44.59,22.2,6.996,44.59,-4.3,6.996,44.59,4.6,5.496,41.89,37.7,-6999,-6999,0,-6999,-6999,0
100,2013,148,2200,13.78,6.5,43.7,47.3,5,41,50,6.5,43.7,18.2,6.5,43.7,179.9,6,42.8,21.7,6.5,43.7,-4.3,6.504,43.71,4,5.004,41.01,37.2,-6999,-6999,0,-6999,-6999,0
100,2013,148,2300,13.78,6.483,43.67,46.5,4.983,40.97,51.7,6.483,43.67,18.3,6.483,43.67,16,5.983,42.77,21.9,6.483,43.67,-4,6.979,44.56,1.6,5.479,41.86,36.9,-6999,-6999,0,-6999,-6999,0
100,2013,148,2400,13.8,4.483,40.07,46.7,2.983,37.37,52.3,4.483,40.07,18.5,4.483,40.07,16.2,3.987,39.18,21.8,4.483,40.07,-5.6,4.483,40.07,2.7,2.983,37.37,37.3,-6999,-6999,0,-6999,-6999,0
100,2013,149,100,13.84,2.487,36.48,47.2,.987,33.78,51.9,2.487,36.48,18.3,2.487,36.48,16.2,2.487,36.48,21.7,2.487,36.48,-5.2,2.487,36.48,2.7,.987,33.78,37.2,-6999,-6999,0,-6999,-6999,0
100,2013,149,200,13.9,.992,33.79,46.7,-.508,31.09,51.9,.992,33.79,18.3,.992,33.79,16.1,.992,33.79,133.3,.992,33.79,-5.1,.996,33.79,2.1,-.508,31.09,37.5,-6999,-6999,0,-6999,-6999,0
100,2013,149,300,13.93,-.004,31.99,46.9,-1.504,29.29,51.8,-.004,31.99,17.9,-.004,31.99,16.3,-.004,31.99,21.5,-.004,31.99,-4.4,.492,32.88,2.8,-1.5,29.3,37.5,-6999,-6999,0,-6999,-6999,0
100,2013,149,400,13.96,-.496,31.11,47.2,-1.996,28.41,52,-.496,31.11,17.8,-.496,31.11,16.3,-.496,31.11,21.9,-.496,31.11,-4.2,-.492,31.12,2.3,-1.496,29.31,37.4,-6999,-6999,0,-6999,-6999,0
100,2013,149,500,13.97,.008,32.01,47.2,-1.492,29.32,52.2,.008,32.01,17.8,.008,32.01,16.4,.008,32.01,22.2,.008,32.01,-6.7,.504,32.91,2.5,-.992,30.21,37.6,-6999,-6999,0,-6999,-6999,0
100,2013,149,600,13.96,.996,33.79,47.4,-.5,31.1,48.4,1,33.8,17.8,.996,33.79,15.6,1,33.8,21.7,.996,33.79,-4.5,1,33.8,1.5,-.004,31.99,35.4,-6999,-6999,0,-6999,-6999,0
100,2013,149,700,13.96,.496,32.89,47.2,-.508,31.09,51.4,.992,33.79,17.8,.496,32.89,15.5,.992,33.79,21.4,.496,32.89,-.5,.992,33.79,1.3,-.504,31.09,35.9,-6999,-6999,0,-6999,-6999,0
100,2013,149,800,13.96,.042,32.07,45.9,-1.471,29.35,52.4,.033,32.06,18.1,.025,32.04,16.3,.029,32.05,21.5,.029,32.05,-1.7,.029,32.05,1.9,-.975,30.24,37.2,-6999,-6999,0,-6999,-6999,0
100,2013,149,900,13.92,5,41,47,2.029,35.65,51.8,4.012,39.22,18.4,3.012,37.42,182.7,3.517,38.33,21.5,3.508,38.32,-1.4,3.508,38.32,3.2,2.025,35.65,37.4,-6999,-6999,0,-6999,-6999,0
100,2013,149,1000,13.85,5.004,41.01,46.9,5.508,41.91,50.7,5.504,41.91,18.5,4.508,40.12,183,5.508,41.91,20.8,4.512,40.12,-3.2,4.504,40.11,4.4,4.996,40.99,37.6,-6999,-6999,0,-6999,-6999,0
100,2013,149,1100,13.73,5.496,41.89,46.4,6.487,43.68,51.2,6.004,42.81,17.1,5.5,41.9,183.8,6.492,43.69,20.5,5.996,42.79,-4.2,5.004,41.01,3.6,4.508,40.12,36.1,-6999,-6999,0,-6999,-6999,0
100,2013,149,1200,13.73,5.008,41.01,46,5,41,50.5,6.496,43.69,17.5,5.504,41.91,183.3,5.508,41.91,19.3,5.5,41.9,-.8,5.504,41.91,1.8,5.496,41.89,35.9,-6999,-6999,0,-6999,-6999,0
100,2013,149,1300,13.79,6.004,42.81,46.5,5.004,41.01,49.6,6.004,42.81,16.6,6,42.8,182.6,6.504,43.71,18.3,5.504,41.91,-1,6.004,42.81,1.3,5.004,41.01,35.8,-6999,-6999,0,-6999,-6999,0
100,2013,149,1400,13.77,6.479,43.66,45.9,5.475,41.85,50.4,6.479,43.66,16.3,5.983,42.77,183.6,6.975,44.56,18.1,5.983,42.77,-1,6.479,43.66,1.6,5.479,41.86,34.5,-6999,-6999,0,-6999,-6999,0
100,2013,149,1500,13.78,3.996,39.19,45.5,2.496,36.49,50.4,3.992,39.18,16.3,3.992,39.18,13.8,3.992,39.18,133.2,3.992,39.18,-3.5,3.992,39.18,2.2,2.992,37.38,34.6,-6999,-6999,0,-6999,-6999,0
100,2013,149,1600,13.86,3.504,38.31,46.2,2.004,35.61,49.7,3.008,37.41,17.2,3.008,37.41,183.6,3.008,37.41,17,3.008,37.41,-.5,3.008,37.41,1.6,2.004,35.61,34.7,-6999,-6999,0,-6999,-6999,0
100,2013,149,1700,13.87,3.967,39.14,45.7,2.471,36.45,49.9,3.967,39.14,16.7,3.967,39.14,182.9,3.967,39.14,16.6,3.962,39.13,-3,3.971,39.15,1,2.471,36.45,35.6,-6999,-6999,0,-6999,-6999,0
100,2013,149,1800,13.9,.004,32.01,45.6,-1,30.2,50.2,.004,32.01,16.6,0,32,183.2,.004,32.01,133.8,-.492,31.12,-7.3,.5,32.9,1,-1,30.2,35.2,-6999,-6999,0,-6999,-6999,0
100,2013,149,1900,13.94,.504,32.91,45.9,-.996,30.21,50.2,.504,32.91,16.9,.008,32.01,183.1,.504,32.91,16.8,.504,32.91,-3.2,.504,32.91,-.3,-.996,30.21,35,-6999,-6999,0,-6999,-6999,0
100,2013,149,2000,13.96,.996,33.79,45.6,-.5,31.1,50,1,33.8,16.8,.996,33.79,183.2,1,33.8,133.3,1,33.8,-4.9,1,33.8,1.2,-.5,31.1,35,-6999,-6999,0,-6999,-6999,0
100,2013,149,2100,13.97,.504,32.91,45.9,-.5,31.1,50.5,1,33.8,16.9,.504,32.91,181,1,33.8,133.3,1,33.8,-2,1,33.8,1.3,-.496,31.11,35.2,-6999,-6999,0,-6999,-6999,0
100,2013,149,2200,13.97,.996,33.79,45.1,-.504,31.09,50.4,.996,33.79,16.5,.992,33.79,183.2,.996,33.79,16.9,.992,33.79,-1.6,.996,33.79,1.2,-.008,31.98,34.1,-6999,-6999,0,-6999,-6999,0
100,2013,149,2300,13.97,.496,32.89,44.4,-1.004,30.19,44.9,.496,32.89,16.5,0,32,181.4,.496,32.89,133.8,0,32,-3.6,.5,32.9,1.3,-1.004,30.19,35.7,-6999,-6999,0,-6999,-6999,0
100,2013,149,2400,13.98,.004,32.01,45.6,-1.496,29.31,44.9,.004,32.01,17.1,.004,32.01,181,.004,32.01,133.8,.004,32.01,-1.8,.5,32.9,1.2,-1.496,29.31,35.6,-6999,-6999,0,-6999,-6999,0
100,2013,150,100,13.99,.496,32.89,45.4,-1.004,30.19,50.4,.496,32.89,17,.496,32.89,13.5,.496,32.89,17.7,.496,32.89,-1.6,.496,32.89,1.3,-1,30.2,35.6,-6999,-6999,0,-6999,-6999,0
100,2013,150,200,13.99,0,32,44.4,-1.5,29.3,50.4,0,32,17,0,32,180.4,0,32,17.7,0,32,-.1,0,32,1.6,-1.004,30.19,35.7,-6999,-6999,0,-6999,-6999,0
100,2013,150,300,14,-.004,31.99,45.1,-1.5,29.3,50.7,-.004,31.99,17,-.004,31.99,14.3,-.004,31.99,17.2,-.008,31.98,-.4,-.004,31.99,1,-1.5,29.3,35.7,-6999,-6999,0,-6999,-6999,0
100,2013,150,400,14,-.496,31.11,45.4,-1.5,29.3,50.7,-.496,31.11,16.8,-.5,31.1,14,-.496,31.11,17.7,-.996,30.21,.2,-.5,31.1,.8,-1.5,29.3,35.7,-6999,-6999,0,-6999,-6999,0
100,2013,150,500,14,0,32,45.4,-1.5,29.3,50.7,0,32,16.5,-.496,31.11,14.6,0,32,17.7,-.5,31.1,-4.8,-.492,31.12,.5,-1.5,29.3,35.7,-6999,-6999,0,-6999,-6999,0
100,2013,150,600,14,.004,32.01,45.6,-1.496,29.31,50.7,.004,32.01,16.1,.004,32.01,14.8,.004,32.01,17.6,-.492,31.12,-1.2,.5,32.9,.8,-1.496,29.31,35.6,-6999,-6999,0,-6999,-6999,0
100,2013,150,700,14,.504,32.91,45.4,-.983,30.23,50.6,.508,32.91,16.2,.504,32.91,15.2,.504,32.91,17.8,.504,32.91,-.7,.504,32.91,.5,-.996,30.21,35.7,-6999,-6999,0,-6999,-6999,0
100,2013,150,800,13.98,1.012,33.82,44.8,.992,33.79,50.7,1.5,34.7,16.2,1,33.8,183.9,1,33.8,17.5,1,33.8,-1,1,33.8,.8,-.496,31.11,35.2,-6999,-6999,0,-6999,-6999,0
100,2013,150,900,13.96,2.5,36.5,45.3,.025,32.04,50,1.512,34.72,16.3,1.008,33.82,184.4,1.017,33.83,17.4,1.012,33.82,-1,1.008,33.82,.7,.017,32.03,34.6,-6999,-6999,0,-6999,-6999,0
100,2013,150,1000,13.89,2.5,36.5,45.9,2.992,37.38,48.4,3,37.4,16.8,2.004,35.61,184.4,3,37.4,16.9,2.504,36.51,-1,2.004,35.61,.9,2,35.6,34.9,-6999,-6999,0,-6999,-6999,0
100,2013,150,1100,13.88,2.504,36.51,45.2,2,35.6,49.9,3.004,37.41,16.1,2.504,36.51,184.3,3,37.4,16.3,3,37.4,-.8,2.504,36.51,.2,2,35.6,34.6,-6999,-6999,0,-6999,-6999,0
100,2013,150,1200,13.88,3.021,37.44,44.8,2.017,35.63,49.4,3.512,38.32,15.5,3.017,37.43,184.4,3.025,37.44,15.5,3.012,37.42,.4,3.017,37.43,.1,2.021,35.64,33.7,-6999,-6999,0,-6999,-6999,0
100,2013,150,1300,13.88,5.471,41.85,44.2,3.971,39.15,47.9,4.971,40.95,16.4,4.971,40.95,184.1,5.967,42.74,16.3,4.475,40.06,.1,4.975,40.95,-.8,4.467,40.04,33.6,-6999,-6999,0,-6999,-6999,0
100,2013,150,1400,13.9,2.012,35.62,45,.512,32.92,49.2,1.512,34.72,16.3,1.512,34.72,184.3,2.012,35.62,16.2,1.512,34.72,-1.2,2.008,35.62,1.4,.512,32.92,34.2,-6999,-6999,0,-6999,-6999,0
100,2013,150,1500,13.88,3.512,38.32,44.2,2.012,35.62,49.5,3.017,37.43,16.3,3.012,37.42,184.2,3.512,38.32,15.8,3.012,37.42,-.4,3.012,37.42,.3,2.012,35.62,34.1,-6999,-6999,0,-6999,-6999,0
100,2013,150,1600,13.87,4.996,40.99,44.4,3.496,38.29,49,4.996,40.99,15.7,4.5,40.1,184.2,4.996,40.99,15.6,4.5,40.1,-.7,4.5,40.1,.8,3.496,38.29,33.9,-6999,-6999,0,-6999,-6999,0
100,2013,150,1700,13.86,4.492,40.09,44.2,2.992,37.38,49.4,4.492,40.09,15.5,4.492,40.09,184.3,4.492,40.09,15.4,4.492,40.09,-.7,4.492,40.09,.9,2.996,37.39,34.1,-6999,-6999,0,-6999,-6999,0
100,2013,150,1800,13.86,3.492,38.29,44.5,1.992,35.59,49.4,3.492,38.29,15.3,3.492,38.29,184.1,3.492,38.29,15.6,3.492,38.29,-.2,3.492,38.29,-.4,2.487,36.48,33.7,-6999,-6999,0,-6999,-6999,0
100,2013,150,1900,13.88,2.5,36.5,44.5,1,33.8,49.2,2.5,36.5,15,2.5,36.5,184.1,2.5,36.5,15.6,2.5,36.5,.2,2.5,36.5,-.9,1,33.8,33.7,-6999,-6999,0,-6999,-6999,0
100,2013,150,2000,13.9,2.492,36.49,43.9,.992,33.79,49.2,2.492,36.49,15.2,2.492,36.49,183.8,2.492,36.49,15.4,2.492,36.49,-.7,2.492,36.49,-1.1,.992,33.79,34,-6999,-6999,0,-6999,-6999,0
100,2013,150,2100,13.92,1.5,34.7,44.4,0,32,49.4,1.5,34.7,15.4,1.5,34.7,183.8,1.5,34.7,15.4,1.5,34.7,-.6,1.5,34.7,-.8,0,32,33.7,-6999,-6999,0,-6999,-6999,0
100,2013,150,2200,13.94,1.496,34.69,44.6,-.004,31.99,49.5,1.496,34.69,15.6,1.496,34.69,183.9,1.496,34.69,15,1.496,34.69,.9,1.496,34.69,-.8,0,32,33.4,-6999,-6999,0,-6999,-6999,0
100,2013,150,2300,13.94,.996,33.79,44.8,-.5,31.1,49.7,.996,33.79,15.3,.996,33.79,183.2,1,33.8,133.3,.996,33.79,1.8,1,33.8,-.8,-.004,31.99,33.9,-6999,-6999,0,-6999,-6999,0
100,2013,150,2400,13.95,.496,32.89,44.9,-.508,31.09,49.7,.496,32.89,15.4,.496,32.89,183.2,.992,33.79,15.3,.496,32.89,.4,.996,33.79,-1,-.508,31.09,33.9,-6999,-6999,0,-6999,-6999,0
100,2013,151,100,13.97,0,32,44.4,-1.5,29.3,49.4,0,32,16.2,0,32,183.1,0,32,133.3,-.004,31.99,.2,.496,32.89,-.5,-1.5,29.3,34.2,-6999,-6999,0,-6999,-6999,0
100,2013,151,200,13.98,-.004,31.99,44.6,-1.504,29.29,49.4,-.004,31.99,15.9,-.004,31.99,183.3,-.004,31.99,14.4,-.496,31.11,1,-.004,31.99,-.2,-1.504,29.29,34,-6999,-6999,0,-6999,-6999,0
100,2013,151,300,13.99,-.504,31.09,44.8,-2,28.4,48.9,-.504,31.09,16.1,-.504,31.09,183.3,-.5,31.1,14.4,-.025,31.95,-.3,-.5,31.1,.1,-2,28.4,34,-6999,-6999,0,-6999,-6999,0
100,2013,151,400,14,-1,30.2,44.8,-2.004,28.39,47.4,-1,30.2,16.1,-1,30.2,183,-.504,31.09,14.5,-2.983,26.63,.4,-.504,31.09,.3,-2,28.4,34,-6999,-6999,0,-6999,-6999,0
100,2013,151,500,14.01,-1,30.2,44.8,-2.496,27.51,47.1,-1,30.2,16.1,-1,30.2,183,-1,30.2,14.5,-1,30.2,-.9,-.996,30.21,.5,-2,28.4,34,-6999,-6999,0,-6999,-6999,0
100,2013,151,600,14,-.992,30.21,44.4,-1.996,28.41,48.4,-.992,30.21,16,-.992,30.21,182.9,-.992,30.21,14.3,-.996,30.21,-2.1,-.496,31.11,.5,-1.996,28.41,34.2,-6999,-6999,0,-6999,-6999,0
100,2013,151,700,13.99,.004,32.01,44.8,-1.483,29.33,48.6,.008,32.01,15.1,.004,32.01,183.2,.004,32.01,14.1,-.492,31.12,0,.004,32.01,.5,-1.496,29.31,34.1,-6999,-6999,0,-6999,-6999,0
100,2013,151,800,13.96,.525,32.94,43.7,.5,32.9,49.4,1.012,33.82,15.2,.508,32.91,183.8,.512,32.92,14.7,.512,32.92,1.7,.512,32.92,.4,-.987,30.22,34.7,-6999,-6999,0,-6999,-6999,0
100,2013,151,900,13.93,3.496,38.29,44.4,.521,32.94,49,2.508,36.51,16,1.512,34.72,184,2.012,35.62,14.9,2.008,35.62,-.2,2.008,35.62,.1,.521,32.94,33.9,-6999,-6999,0,-6999,-6999,0
100,2013,151,1000,13.83,3.012,37.42,212.3,3.012,37.42,47.4,3.508,38.32,16.2,3.008,37.41,184.3,3.512,38.32,13,3.017,37.43,-1.3,3.008,37.41,.4,3.004,37.41,34.1,-6999,-6999,0,-6999,-6999,0
100,2013,151,1100,13.73,4.508,40.12,212.6,4.504,40.11,47,4.512,40.12,15.7,4.012,39.22,184.5,5.008,41.01,12.7,5.004,41.01,-1.1,4.012,39.22,-.2,3.517,38.33,31.9,-6999,-6999,0,-6999,-6999,0
100,2013,151,1200,13.71,5.512,41.92,42.9,5.004,41.01,46.2,6.004,42.81,15.5,5.508,41.91,184.3,6.008,42.81,12.4,5.504,41.91,-.2,5.508,41.91,-.6,5.5,41.9,31.5,-6999,-6999,0,-6999,-6999,0
100,2013,151,1300,13.71,7,44.6,42.4,5.5,41.9,46.2,6.504,43.71,13.7,6.504,43.71,184.4,7,44.6,12.4,6.004,42.81,.3,6.5,43.7,-1.4,5.5,41.9,31.5,-6999,-6999,0,-6999,-6999,0
100,2013,151,1400,13.73,7,44.61,42.7,5.5,41.9,46.2,6.996,44.59,14.3,6.996,44.59,184.4,7,44.6,11.6,6.5,43.7,-1.6,6.5,43.7,-1.4,5.5,41.9,31.2,-6999,-6999,0,-6999,-6999,0
100,2013,151,1500,13.72,7.5,45.49,42.4,5.504,41.91,46.7,6.5,43.7,15.2,6.5,43.7,184.4,7,44.6,10.5,6.5,43.7,-.7,6.504,43.71,-1.6,5.5,41.9,31.2,-6999,-6999,0,-6999,-6999,0
100,2013,151,1600,13.75,6.996,44.59,42.6,5.992,42.78,46.7,6.5,43.7,14,6.496,43.69,184.5,6.992,44.59,10.3,6.496,43.69,-1.2,6.996,44.59,-1.2,5.496,41.89,30,-6999,-6999,0,-6999,-6999,0
100,2013,151,1700,13.77,6.492,43.69,213.1,4.992,40.99,47.1,6.492,43.69,13.7,5.996,42.79,184.5,5.996,42.79,10.5,5.996,42.79,1.8,6.492,43.69,-.5,4.996,40.99,30.2,-6999,-6999,0,-6999,-6999,0
100,2013,151,1800,13.78,5.496,41.89,211.3,3.996,39.19,46.7,5.492,41.88,13.9,5.492,41.88,184.6,5.496,41.89,10.6,5.496,41.89,2,5.496,41.89,-1.2,4.492,40.09,31.4,-6999,-6999,0,-6999,-6999,0
100,2013,151,1900,13.81,4.987,40.98,203.2,3.492,38.29,46.6,4.492,40.09,14,4.492,40.09,184.7,4.987,40.98,11,4.987,40.98,.2,4.992,40.99,-1.2,3.492,38.29,31.8,-6999,-6999,0,-6999,-6999,0
100,2013,151,2000,13.84,3.496,38.29,213.2,2.496,36.49,46.3,3.496,38.29,14.5,3.496,38.29,184.3,3.496,38.29,11.1,3.496,38.29,1.5,3.992,39.18,-1.1,2.496,36.49,31,-6999,-6999,0,-6999,-6999,0
100,2013,151,2100,13.86,3,37.4,213.2,1.996,35.59,46.6,3,37.4,13.8,3,37.4,184.3,3,37.4,11.1,3,37.4,.3,3,37.4,-1.5,2,35.6,31,-6999,-6999,0,-6999,-6999,0
100,2013,151,2200,13.88,3,37.4,213.2,1.504,34.71,46,3,37.4,14.5,3,37.4,184.3,3,37.4,11.1,3,37.4,2.3,3,37.4,-1.8,1.996,35.59,30.9,-6999,-6999,0,-6999,-6999,0
100,2013,151,2300,13.89,3,37.4,212.9,1.996,35.59,46.2,3,37.4,14,2.996,37.39,184.1,2.996,37.39,10.8,3,37.4,2,3,37.4,-1.5,1.5,34.7,31.2,-6999,-6999,0,-6999,-6999,0
100,2013,151,2400,13.9,2.992,37.38,213,1.492,34.68,46.6,2.992,37.38,14.2,2.496,36.49,183.8,2.496,36.49,10.9,2.992,37.38,2.2,2.992,37.38,-1.1,1.492,34.68,31.3,-6999,-6999,0,-6999,-6999,0
100,2013,152,100,13.92,1.992,35.59,212.5,.496,32.89,46.4,1.996,35.59,14.4,1.992,35.59,183.4,1.992,35.59,11.2,1.996,35.59,1.9,1.996,35.59,-1.3,.496,32.89,31.1,-6999,-6999,0,-6999,-6999,0
100,2013,152,200,13.93,.996,33.79,42,-.004,31.99,46.6,1.496,34.69,14.6,.996,33.79,182.8,1,33.8,11.2,1.492,34.68,1.8,1.492,34.68,-1.2,-.008,31.98,31.4,-6999,-6999,0,-6999,-6999,0
100,2013,152,300,13.94,.496,32.89,41.6,-.504,31.09,46.4,.996,33.79,14.2,.496,32.89,10,.992,33.79,11,.496,32.89,1.2,.5,32.9,-1.3,-1,30.2,31.4,-6999,-6999,0,-6999,-6999,0
100,2013,152,400,13.96,.004,32.01,41.5,-1,30.2,46.6,.5,32.9,14.3,.004,32.01,181.4,.004,32.01,10.8,.004,32.01,1,.5,32.9,-1.2,-1,30.2,31.4,-6999,-6999,0,-6999,-6999,0
100,2013,152,500,13.97,.496,32.89,41.3,-1.004,30.19,46.6,.496,32.89,14.1,.496,32.89,10,.496,32.89,11,.492,32.88,1.5,.496,32.89,-1,-1.004,30.19,31.6,-6999,-6999,0,-6999,-6999,0
100,2013,152,600,13.98,.008,32.01,41.8,-1.492,29.32,46.7,.008,32.01,14.6,.008,32.01,180.3,.008,32.01,133.8,-.487,31.12,.8,.008,32.01,-1.1,-1.487,29.32,31.1,-6999,-6999,0,-6999,-6999,0
100,2013,152,700,13.95,1.008,33.82,41.9,-.492,31.12,46.6,1.008,33.82,14.2,1.008,33.82,183.4,1.008,33.82,10.9,1.008,33.82,1.5,1.008,33.82,-1.1,.008,32.01,31.1,-6999,-6999,0,-6999,-6999,0
100,2013,152,800,13.92,2.008,35.62,41.5,.508,32.91,46.4,2.008,35.62,13.2,2.004,35.61,183.7,2.008,35.62,10.3,2.004,35.61,-.6,2.004,35.61,-.8,1.004,33.81,30.9,-6999,-6999,0,-6999,-6999,0
100,2013,152,900,13.88,3.012,37.42,42,1.517,34.73,45.7,3.017,37.43,13.7,2.517,36.53,184.2,3.012,37.42,10.2,2.517,36.53,.4,2.517,36.53,-.9,1.517,34.73,30.2,-6999,-6999,0,-6999,-6999,0
100,2013,152,1000,13.82,4.517,40.13,42.1,3.521,38.34,45.2,5.017,41.03,13.4,4.517,40.13,184.3,4.521,40.14,9.2,4.517,40.13,-1.6,4.517,40.13,-.9,3.521,38.34,30.5,-6999,-6999,0,-6999,-6999,0
100,2013,152,1100,13.76,6.5,43.7,42.1,5.996,42.79,43.5,7,44.6,13,6.5,43.7,184.4,6.996,44.59,9.7,6.5,43.7,-.5,6.5,43.7,-1.8,6,42.8,29.4,-6999,-6999,0,-6999,-6999,0
100,2013,152,1200,13.73,6.517,43.73,41,5.517,41.93,42.8,7.01,44.62,12,6.512,43.72,183.9,6.517,43.73,9.1,6.508,43.72,-.3,6.517,43.73,-1.3,6.017,42.83,28.6,-6999,-6999,0,-6999,-6999,0
100,2013,152,1300,13.71,8.52,47.34,40.5,7.52,45.54,44.3,8.02,46.44,11.7,8.02,46.44,183.9,8.52,47.34,7.4,7.52,45.54,-.5,8.52,47.33,-.9,8.02,46.43,28,-6999,-6999,0,-6999,-6999,0
100,2013,152,1400,13.65,11,51.79,40.6,9.99,49.98,44.6,10.99,51.78,10.9,10.99,51.78,184.3,11.49,52.68,7.4,10.5,50.89,-.8,10.49,50.88,-1.3,9.99,49.98,28.1,-6999,-6999,0,-6999,-6999,0
100,2013,152,1500,13.65,10.48,50.87,40.6,8.49,47.28,44.1,9.49,49.09,10.7,9.49,49.08,184.3,9.99,49.98,6.9,9.99,49.98,-.6,9.49,49.09,-1.2,8.49,47.28,28.1,-6999,-6999,0,-6999,-6999,0
100,2013,152,1600,13.67,8.5,47.31,40.4,7,44.6,42.5,8.5,47.3,10.7,8,46.41,184.3,8.5,47.3,6.3,8.5,47.3,-.4,8.5,47.3,-1.3,7.5,45.49,27.1,-6999,-6999,0,-6999,-6999,0
100,2013,152,1700,13.69,8.99,48.18,40.4,6.992,44.59,43.6,8.49,47.28,10.7,8.49,47.28,184.4,8.49,47.28,6.5,8.49,47.28,.3,8.5,47.29,-1,6.996,44.59,28.5,-6999,-6999,0,-6999,-6999,0
100,2013,152,1800,13.71,7.49,45.48,40.5,5.987,42.78,43.9,7.49,45.48,11.1,7.49,45.48,184.1,7.49,45.48,6.5,7.49,45.48,-1.2,7.98,46.37,-2,6.483,43.67,27.7,-6999,-6999,0,-6999,-6999,0
100,2013,152,1900,13.75,5.979,42.76,40.4,4.479,40.06,44.1,5.979,42.76,10.8,5.979,42.76,183.7,5.979,42.76,6.8,5.979,42.76,-2,5.979,42.76,-2.1,4.479,40.06,28.1,-6999,-6999,0,-6999,-6999,0
100,2013,152,2000,13.8,3.479,38.26,40.9,1.979,35.56,43.9,3.479,38.26,10.9,3.479,38.26,183.4,3.479,38.26,133.3,3.479,38.26,-1.9,3.479,38.26,-1.5,1.979,35.56,28.6,-6999,-6999,0,-6999,-6999,0
100,2013,152,2100,13.86,1,33.8,40.4,-.5,31.1,44.1,1,33.8,11.1,1,33.8,183.4,1,33.8,133.8,1,33.8,-.9,1,33.8,-1,-.5,31.1,28.6,-6999,-6999,0,-6999,-6999,0
100,2013,152,2200,13.92,1,33.8,40.4,-.5,31.1,44.1,1.004,33.81,10.7,1,33.8,183.4,1,33.8,6.5,1,33.8,-.2,1,33.8,-1,-.496,31.11,28.4,-6999,-6999,0,-6999,-6999,0
100,2013,152,2300,13.92,.979,33.76,40.8,-.517,31.07,43.7,1.479,34.66,10.9,.983,33.77,183,.983,33.77,6.6,.983,33.77,.9,.983,33.77,-1,-.021,31.96,27.9,-6999,-6999,0,-6999,-6999,0
100,2013,152,2400,13.96,-1.5,29.3,40.8,-2.504,27.49,43.9,-1.004,30.19,11.1,-1.004,30.19,180.6,-1.004,30.19,6.7,-1.004,30.19,1.4,-1.004,30.19,-.9,-2.504,27.49,28.1,-6999,-6999,0,-6999,-6999,0
100,2013,153,100,14,-1.5,29.3,40.3,-3,26.6,44.1,-1.5,29.3,10.8,-1.5,29.3,6.9,-1.5,29.3,6.7,-1.5,29.3,-.7,-1.496,29.31,-1.2,-3,26.6,28.1,-6999,-6999,0,-6999,-6999,0
100,2013,153,200,14.01,-1.504,29.29,40.5,-3.004,26.59,44,-1.504,29.29,10.9,-1.504,29.29,6.6,-1.504,29.29,6.3,-1.504,29.29,-.1,-1.004,30.19,-1.2,-3,26.6,27.8,-6999,-6999,0,-6999,-6999,0
100,2013,153,300,14.02,-1.996,28.41,40.3,-3.496,25.71,43.9,-1.996,28.41,10.8,-2,28.4,6.1,-1.996,28.41,6.7,-2,28.4,.1,-1.5,29.3,-1.2,-3,26.6,27.8,-6999,-6999,0,-6999,-6999,0
100,2013,153,400,14.03,-1.496,29.31,40.6,-2.996,26.61,44.1,-1.496,29.31,11.1,-1.992,28.41,5.9,-1.496,29.31,133.9,-1.996,28.41,0,-1.492,29.32,-1.2,-2.992,26.62,27.8,-6999,-6999,0,-6999,-6999,0
100,2013,153,500,13.98,-.967,30.26,39.6,-2.471,27.55,43.5,-.971,30.25,10.5,-.975,30.24,183.1,-.975,30.24,6.3,-1.467,29.36,.5,-.475,31.15,-1.3,-1.971,28.45,28.2,-6999,-6999,0,-6999,-6999,0
100,2013,153,600,13.94,3.004,37.41,213.2,1.004,33.81,44,2.504,36.51,10.8,2.008,35.62,183.7,2.008,35.62,6.4,2.508,36.51,.8,2.504,36.51,-1.5,1.504,34.71,28.1,-6999,-6999,0,-6999,-6999,0
100,2013,153,700,13.92,3.496,38.29,40.2,1.5,34.7,43.7,3,37.4,10.6,3,37.4,183.3,3,37.4,6.4,3.496,38.29,1,3,37.4,-1.5,1.996,35.59,28.2,-6999,-6999,0,-6999,-6999,0
100,2013,153,800,13.9,3.008,37.41,40.2,1.508,34.71,43.4,3.008,37.41,10.3,3.004,37.41,183.7,3.004,37.41,6.8,3.008,37.41,1.4,3.004,37.41,-1.6,1.508,34.71,27.9,-6999,-6999,0,-6999,-6999,0
100,2013,153,900,13.88,4.004,39.21,40.2,2.504,36.51,43.2,4.004,39.21,10.4,3.508,38.32,182.9,3.508,38.32,6.9,4.008,39.21,2.6,3.504,38.31,-1.4,2.504,36.51,27.7,-6999,-6999,0,-6999,-6999,0
100,2013,153,1000,13.8,4.542,40.18,38.8,3.054,37.5,42.6,4.546,40.18,10.6,4.542,40.18,183.8,4.546,40.18,5.9,5.042,41.07,.2,4.046,39.28,-.9,3.046,37.48,27.8,-6999,-6999,0,-6999,-6999,0
100,2013,153,1100,13.6,9.55,49.18,38.7,9.54,49.18,42.4,10.05,50.08,8.9,9.55,49.18,184,10.04,50.07,4.5,10.04,50.07,-1,9.55,49.18,-1.5,8.56,47.41,23.7,-6999,-6999,0,-6999,-6999,0
100,2013,153,1200,13.51,15.02,59.04,37.3,14.51,58.12,41.4,15.51,59.91,7.5,15.02,59.03,5.5,15.02,59.04,3.4,15.01,59.01,-.6,15.02,59.04,-1.4,16,60.81,23.5,-6999,-6999,0,-6999,-6999,0
100,2013,153,1300,13.51,17.5,63.49,37.4,16,60.8,41.6,16.5,61.71,7.8,17,62.6,5,17.5,63.5,2.3,16,60.81,-1.6,17.5,63.49,-1.9,16.5,61.7,21.4,-6999,-6999,0,-6999,-6999,0
100,2013,153,1400,13.49,17,62.61,36.8,16,60.79,41.6,17,62.59,7.5,17,62.59,4.2,17.5,63.5,1,16.5,61.71,-4.3,17,62.59,-1.4,16.49,61.69,21.5,-6999,-6999,0,-6999,-6999,0
100,2013,153,1500,13.47,17.5,63.5,36.8,15.5,59.91,41.4,16.5,61.7,7.3,16.5,61.7,4.7,17.49,63.49,.8,17,62.6,.5,16.5,61.71,-2.3,15.5,59.9,23,-6999,-6999,0,-6999,-6999,0
100,2013,153,1600,13.49,17.49,63.48,36.5,15.98,60.77,41.4,16.49,61.69,5.3,16.49,61.69,4.6,16.49,61.68,-.6,16.99,62.58,-.9,16.99,62.58,-1.9,15.49,59.88,19.6,-6999,-6999,0,-6999,-6999,0
100,2013,153,1700,13.51,15.98,60.76,36.9,13.98,57.17,41.6,15.48,59.86,6.4,15.48,59.86,4.7,14.98,58.97,-.1,15.48,59.86,-1.2,15.48,59.86,-2.4,13.98,57.16,20.1,-6999,-6999,0,-6999,-6999,0
100,2013,153,1800,13.55,13.47,56.25,36.4,11.97,53.55,40.1,12.97,55.35,5.6,12.97,55.35,4.2,12.97,55.35,-1,12.97,55.35,1.9,12.97,55.35,-2,11.47,52.66,20,-6999,-6999,0,-6999,-6999,0
100,2013,153,1900,13.61,10.49,50.88,36.1,8.49,47.28,40.3,9.99,49.98,5.5,9.99,49.98,5.1,9.49,49.09,-.6,9.99,49.98,2,9.49,49.09,-2.3,8.49,47.28,20.6,-6999,-6999,0,-6999,-6999,0
100,2013,153,2000,13.66,8.97,48.15,36.4,6.979,44.56,39.9,8.47,47.25,5.8,8.47,47.25,5,8.47,47.25,-1.3,8.47,47.25,1.8,8.47,47.25,-2,6.979,44.56,20.8,-6999,-6999,0,-6999,-6999,0
100,2013,153,2100,13.73,5.487,41.88,36.7,4.483,40.07,40.2,5.487,41.88,5.7,5.487,41.88,5.1,5.483,41.87,-1,5.487,41.88,1.1,5.487,41.88,-1.8,4.483,40.07,21.1,-6999,-6999,0,-6999,-6999,0
100,2013,153,2200,13.78,3.983,39.17,36.7,2.487,36.48,40.2,3.987,39.18,5.7,3.983,39.17,5.4,3.487,38.28,-1.1,3.983,39.17,1.9,3.983,39.17,-1.4,2.487,36.48,20.4,-6999,-6999,0,-6999,-6999,0
100,2013,153,2300,13.84,2.008,35.62,36.3,1.004,33.81,40.4,2.5,36.5,6,2.004,35.61,5.7,2.004,35.61,-.7,2.004,35.61,2.3,2.008,35.62,-1.5,1.004,33.81,20.6,-6999,-6999,0,-6999,-6999,0
100,2013,153,2400,13.86,3.029,37.45,36.1,1.525,34.74,39.9,2.529,36.55,5.3,2.533,36.56,5.3,2.533,36.56,-1.5,2.537,36.57,2.4,3.029,37.45,-1.7,1.529,34.75,20.6,-6999,-6999,0,-6999,-6999,0
100,2013,154,100,13.84,6.5,43.7,212.2,4.504,40.11,39.8,6,42.8,4.9,6.5,43.7,5.1,6.496,43.69,-1.4,7,44.6,1.9,6.5,43.7,-1.8,5,41,20.6,-6999,-6999,0,-6999,-6999,0
100,2013,154,200,13.81,6.517,43.73,212.9,5.017,41.03,40.3,6.021,42.84,4.7,6.512,43.72,5.9,6.017,42.83,-1.5,7.01,44.62,.6,6.512,43.72,-1.2,5.017,41.03,20.2,-6999,-6999,0,-6999,-6999,0
100,2013,154,300,13.79,8.5,47.29,212.6,6.996,44.59,40.6,8.49,47.28,5.4,8,46.4,6.3,8,46.39,-.4,8.5,47.3,1.1,8,46.41,-1.7,7,44.6,20.2,-6999,-6999,0,-6999,-6999,0
100,2013,154,400,13.78,7.99,46.38,212.2,6.487,43.68,40.3,7.49,45.49,5.4,7.99,46.38,6.6,7.49,45.49,-1,8.49,47.28,2.5,8.49,47.28,-.5,6.987,44.58,22.4,-6999,-6999,0,-6999,-6999,0
100,2013,154,500,13.78,7,44.61,213.5,5.004,41.01,41,6.504,43.71,6.2,6.504,43.71,6.7,6.504,43.71,-.7,7.5,45.51,3.5,7.01,44.62,-1,5.508,41.91,20.8,-6999,-6999,0,-6999,-6999,0
100,2013,154,600,13.77,7.52,45.54,36.6,5.525,41.94,40.3,7.02,44.64,4.6,7.02,44.65,5.2,7.02,44.64,-1,8.02,46.44,-2.5,8.02,46.43,-1.1,6.521,43.74,19.5,-6999,-6999,0,-6999,-6999,0
100,2013,154,700,13.74,10,50,36.3,8.5,47.3,39.2,9.5,49.1,5.8,10,50,6.6,9.5,49.1,-1.5,10.5,50.89,2.6,10,50,-1.8,9,48.19,19.7,-6999,-6999,0,-6999,-6999,0
100,2013,154,800,13.72,10,50.01,35.6,8.5,47.31,40.4,9.51,49.12,4.9,10,50.01,5.2,9.51,49.12,-2.2,10,50.01,0,10,50.01,-1.8,8.5,47.31,18.7,-6999,-6999,0,-6999,-6999,0
100,2013,154,900,13.69,10.51,50.91,35.7,9.01,48.22,39.7,10.51,50.91,4.9,10.5,50.91,5,10.51,50.91,-2,10.51,50.91,2.5,10.51,50.91,-1.7,9.01,48.22,18.6,-6999,-6999,0,-6999,-6999,0
100,2013,154,1000,13.61,11.53,52.76,35.7,10.05,50.09,38.2,11.53,52.76,4,11.04,51.87,4.5,11.55,52.78,-3.7,11.54,52.77,-1.8,11.53,52.76,-1.4,10.54,50.97,17.4,-6999,-6999,0,-6999,-6999,0
100,2013,154,1100,13.53,15.48,59.87,33.5,15.97,60.74,36.8,15.48,59.86,2.9,15.48,59.86,182.4,16.97,62.54,-3,15.98,60.76,-1,15.48,59.87,-2,14.98,58.96,16.6,-6999,-6999,0,-6999,-6999,0
100,2013,154,1200,13.5,13.54,56.37,32.6,12.05,53.68,37.9,13.04,55.47,2.1,13.04,55.47,3.2,13.05,55.49,-3.7,13.53,56.36,-1.1,13.55,56.38,-2,12.55,54.58,13.8,-6999,-6999,0,-6999,-6999,0
100,2013,154,1300,13.49,18.48,65.27,32.9,17.48,63.47,36.1,17.99,64.38,1,17.99,64.38,3.7,18.98,66.17,-3.2,17.49,63.49,-.4,18.98,66.17,-2.3,17.98,64.37,14.3,-6999,-6999,0,-6999,-6999,0
100,2013,154,1400,13.49,16.49,61.69,32.4,15.49,59.88,37.1,16.49,61.69,.7,16.49,61.69,3.9,16.99,62.58,-2.7,16.49,61.69,1.8,16.99,62.58,-2.5,15.99,60.78,12.6,-6999,-6999,0,-6999,-6999,0
100,2013,154,1500,13.5,15.49,59.88,31.7,13.99,57.19,36.3,15.49,59.88,-.8,15.49,59.88,3.3,15.49,59.88,-2.9,15.49,59.88,1,15.49,59.88,-2,14.49,58.09,13,-6999,-6999,0,-6999,-6999,0
100,2013,154,1600,13.51,14.51,58.12,31.4,13.01,55.41,36.1,14.01,57.22,-.3,14.01,57.22,3.5,14.5,58.11,-2.5,14.51,58.12,2.5,14.51,58.12,-2.1,13.51,56.31,11.5,-6999,-6999,0,-6999,-6999,0
100,2013,154,1700,13.54,15.47,59.85,30.3,13.97,57.15,35.1,14.97,58.95,-1.1,14.97,58.95,4.1,14.97,58.95,-3,15.47,59.85,2.3,15.47,59.85,-2.4,14.47,58.05,12.1,-6999,-6999,0,-6999,-6999,0
100,2013,154,1800,13.57,12,53.59,30.8,10.5,50.9,33.3,12,53.59,-.9,12,53.59,3.1,12,53.59,-3,12,53.59,2.2,12.5,54.49,-2.2,11,51.79,11.2,-6999,-6999,0,-6999,-6999,0
100,2013,154,1900,13.59,11.5,52.7,30.5,10.5,50.89,33.8,11.5,52.69,-1.7,11.5,52.69,3.5,11.5,52.69,-3.3,11.5,52.7,2.2,12,53.59,-1.9,10.5,50.89,11.4,-6999,-6999,0,-6999,-6999,0
100,2013,154,2000,13.63,11.48,52.66,29.5,9.98,49.96,33.9,10.98,51.77,-1.9,10.98,51.77,3.7,10.98,51.76,-2.5,11.48,52.66,3.2,11.47,52.66,-2,9.98,49.96,10.1,-6999,-6999,0,-6999,-6999,0
100,2013,154,2100,13.68,9,48.19,29.9,7.49,45.49,33.4,8.99,48.19,-2.2,8.99,48.19,4,8.5,47.29,-2.9,9,48.19,1.6,8.5,47.29,-2,7.5,45.49,10.3,-6999,-6999,0,-6999,-6999,0
100,2013,154,2200,13.7,8.47,47.25,29.9,6.479,43.66,33.5,7.98,46.36,-1.9,7.98,46.36,4,7.97,46.35,-2.5,8.47,47.25,1.8,7.98,46.36,-1.7,6.975,44.56,11.2,-6999,-6999,0,-6999,-6999,0
100,2013,154,2300,13.75,5.496,41.89,29.1,3.996,39.19,33.5,5.496,41.89,-2.2,5.496,41.89,4.1,5,41,-2.9,5.496,41.89,2.2,5.496,41.89,-1.6,3.996,39.19,11.4,-6999,-6999,0,-6999,-6999,0
100,2013,154,2400,13.78,4.979,40.96,29.2,3.479,38.26,33.6,4.979,40.96,-2,4.979,40.96,4.2,4.979,40.96,-2.7,4.979,40.96,2.7,4.979,40.96,-1.3,3.483,38.27,10.4,-6999,-6999,0,-6999,-6999,0
100,2013,155,100,13.84,2.487,36.48,29.2,.987,33.78,33.6,2.487,36.48,-1.9,2.487,36.48,4.6,2.487,36.48,-2.8,2.487,36.48,2.8,2.487,36.48,-1.1,1.487,34.68,11,-6999,-6999,0,-6999,-6999,0
100,2013,155,200,13.89,1,33.8,29.2,-.5,31.1,33.6,1,33.8,-1.9,1,33.8,4.6,1,33.8,-2.8,1,33.8,2.8,1,33.8,-1,-.004,31.99,11.2,-6999,-6999,0,-6999,-6999,0
100,2013,155,300,13.92,.992,33.79,29.1,-.508,31.09,33.8,.992,33.79,-1.9,.992,33.79,4.7,.992,33.79,-2.5,.992,33.79,2.7,.996,33.79,-1.2,-.504,31.09,11,-6999,-6999,0,-6999,-6999,0
100,2013,155,400,13.94,-.012,31.98,29.3,-1.512,29.28,33.7,-.012,31.98,-2,-.012,31.98,4.6,-.008,31.98,-2.7,-.012,31.98,2.6,.483,32.87,-1,-1.017,30.17,11.4,-6999,-6999,0,-6999,-6999,0
100,2013,155,500,13.98,-1.496,29.31,29.1,-2.996,26.61,34,-1.496,29.31,-1.5,-1.496,29.31,4.8,-1,30.2,-2.2,-1.496,29.31,2.6,-1.496,29.31,-1,-2.996,26.61,11.6,-6999,-6999,0,-6999,-6999,0
100,2013,155,600,13.99,-.979,30.24,29,-2.483,27.53,33.6,-.983,30.23,-1.9,-.983,30.23,4.8,-.983,30.23,133.8,-.983,30.23,1.6,-.983,30.23,-1,-2.479,27.54,11,-6999,-6999,0,-6999,-6999,0
100,2013,155,700,13.94,1.529,34.75,29.1,-.454,31.18,32.6,1.042,33.88,-3.1,1.033,33.86,4.1,1.033,33.86,-2.9,1.033,33.86,1.4,1.029,33.85,-1,.029,32.05,11.4,-6999,-6999,0,-6999,-6999,0
100,2013,155,800,13.86,5.054,41.1,28.1,5.017,41.03,33,6.025,42.84,-2.6,5.021,41.04,4.5,5.025,41.04,-2.4,5.025,41.04,2.2,4.529,40.15,-1.4,3.525,38.35,10.2,-6999,-6999,0,-6999,-6999,0
100,2013,155,900,13.76,11.51,52.72,28.9,7.05,44.7,31.9,9.04,48.27,-2.6,7.54,45.57,4.4,8.04,46.47,-2.5,8.04,46.47,1.5,8.04,46.47,-1.2,6.554,43.8,9.9,-6999,-6999,0,-6999,-6999,0
100,2013,155,1000,13.62,13.01,55.41,27.1,13.52,56.33,28.1,13.5,56.31,-3.3,12.51,54.52,181,13.02,55.44,-3.2,13.01,55.42,2.2,12.51,54.52,-1.8,13,55.41,9.7,-6999,-6999,0,-6999,-6999,0
100,2013,155,1100,13.49,14.02,57.23,26.9,15.5,59.9,30.1,14.02,57.24,-1.1,14.02,57.23,5.6,15.5,59.91,-2.8,14.51,58.12,3.2,14.02,57.24,-1.9,13.52,56.34,6.8,-6999,-6999,0,-6999,-6999,0
100,2013,155,1200,13.45,16.01,60.82,23.9,15.51,59.91,26.9,16.5,61.71,-3.8,16.01,60.82,3.9,16.02,60.84,-3.1,16,60.81,2.6,16.51,61.72,-1.9,16.5,61.71,5.8,-6999,-6999,0,-6999,-6999,0
100,2013,155,1300,13.46,17.5,63.51,22.7,16.5,61.7,27.4,17,62.61,-1.7,17.5,63.5,4.1,18.5,65.3,-2.5,16.51,61.72,3.2,18,64.39,-2.4,17,62.6,4.4,-6999,-6999,0,-6999,-6999,0
100,2013,155,1400,13.48,17.95,64.31,22.8,16.45,61.62,26.8,17.45,63.42,-1.4,17.45,63.42,3.6,18.45,65.2,-2.2,17.45,63.42,2.1,17.45,63.42,-1.5,16.95,62.51,3,-6999,-6999,0,-6999,-6999,0
100,2013,155,1500,13.53,11.98,53.56,22.6,10.98,51.76,28.1,11.98,53.57,-2.1,11.98,53.56,4.7,11.98,53.56,-2.5,11.98,53.56,2.6,11.98,53.56,-2.6,10.98,51.76,2,-6999,-6999,0,-6999,-6999,0
100,2013,155,1600,13.59,9.5,49.09,20.1,8.49,47.28,26.5,9.99,49.99,-2.6,9.5,49.09,4.6,9.5,49.09,-2.7,9.5,49.09,2.6,9.5,49.09,-1.5,8.5,47.29,3,-6999,-6999,0,-6999,-6999,0
100,2013,155,1700,13.64,8.99,48.19,22.3,7.49,45.49,25.5,8.99,48.19,-4,8.99,48.19,4.6,8.99,48.19,132.9,8.99,48.19,2.5,9,48.19,-1.5,7.99,46.38,2.6,-6999,-6999,0,-6999,-6999,0
100,2013,155,1800,13.69,8,46.4,22.3,6.5,43.7,24.5,8,46.4,-4.7,8,46.4,4.5,8,46.39,-2.8,8,46.4,2.5,8.5,47.29,-1.5,6.996,44.59,2.5,-6999,-6999,0,-6999,-6999,0
100,2013,155,1900,13.72,7.99,46.38,20.4,6.492,43.69,24.4,7.99,46.38,-4.1,7.99,46.38,4.5,7.5,45.49,-3.1,7.99,46.38,2.6,7.99,46.38,-1.1,6.492,43.69,1.3,-6999,-6999,0,-6999,-6999,0
100,2013,155,2000,13.74,6.996,44.59,21.1,5.496,41.89,23.7,6.996,44.59,-2.8,6.996,44.59,4.3,6.996,44.59,123.6,6.996,44.59,1.6,6.996,44.59,-1.2,5.496,41.89,3.1,-6999,-6999,0,-6999,-6999,0
100,2013,155,2100,13.76,6.479,43.66,20.6,4.979,40.96,24.4,6.479,43.66,-2.3,6.479,43.66,4.8,6.479,43.66,133.2,6.479,43.66,-1,6.479,43.66,-1.8,4.983,40.97,2.6,-6999,-6999,0,-6999,-6999,0
100,2013,155,2200,13.79,3.992,39.18,21.3,2.496,36.49,22.5,3.996,39.19,-4.8,3.992,39.18,4.2,3.996,39.19,133.7,3.992,39.18,.3,3.996,39.19,-1.1,2.992,37.38,2.4,-6999,-6999,0,-6999,-6999,0
100,2013,155,2300,13.84,3,37.4,21.3,1.996,35.59,23.2,3.496,38.29,-4.2,3,37.4,3.6,3.496,38.29,133.7,3,37.4,.6,3.496,38.29,-1.6,2,35.6,2.4,-6999,-6999,0,-6999,-6999,0
100,2013,155,2400,13.86,2.996,37.39,21.2,1.5,34.7,23.5,2.996,37.39,-2.1,2.996,37.39,3.5,2.996,37.39,-2.7,2.996,37.39,.7,2.996,37.39,-1.1,1.996,35.59,1.6,-6999,-6999,0,-6999,-6999,0
100,2013,156,100,13.87,2.492,36.49,20.1,1.492,34.68,23,2.496,36.49,-2.1,2.492,36.49,3.8,2.496,36.49,-2.6,2.492,36.49,-.6,2.496,36.49,-1.4,1.492,34.68,1.6,-6999,-6999,0,-6999,-6999,0
100,2013,156,200,13.89,1.496,34.69,19.5,.492,32.88,22.7,1.996,35.59,-1.7,1.496,34.69,4.5,1.996,35.59,131.9,1.496,34.69,-1.2,1.996,35.59,-1.1,.496,32.89,1.5,-6999,-6999,0,-6999,-6999,0
100,2013,156,300,13.92,1,33.8,19.5,-.5,31.1,21.4,1.496,34.69,-.7,1,33.8,4.3,1.496,34.69,124,1,33.8,-.2,1.496,34.69,-.8,0,32,1.5,-6999,-6999,0,-6999,-6999,0
100,2013,156,400,13.92,1,33.8,20.3,-.5,31.1,21.7,1,33.8,-1,1,33.8,4.6,1,33.8,-2.8,1,33.8,.3,1,33.8,-1,0,32,1.5,-6999,-6999,0,-6999,-6999,0
100,2013,156,500,13.93,1,33.8,20.8,-.5,31.1,22,1,33.8,-2,1,33.8,4.1,1,33.8,-2.8,1,33.8,1.1,1,33.8,-1.3,0,32,1.5,-6999,-6999,0,-6999,-6999,0
100,2013,156,600,13.94,1,33.8,21.8,-.496,31.11,22.5,1.004,33.81,-4.4,1,33.8,5.1,1.004,33.81,-2.9,1,33.8,.8,1,33.8,-1.6,0,32,1.8,-6999,-6999,0,-6999,-6999,0
100,2013,156,700,13.94,1.004,33.81,21.6,0,32,23.8,1.5,34.7,-4.3,1.004,33.81,5.6,1.5,34.7,-2.9,1.004,33.81,.4,1.004,33.81,-1.9,.004,32.01,1.6,-6999,-6999,0,-6999,-6999,0
100,2013,156,800,13.92,1.512,34.72,21,.017,32.03,22.7,1.512,34.72,-4.6,1.512,34.72,6.5,1.517,34.73,133.7,1.512,34.72,1.3,1.512,34.72,-1.8,.512,32.92,1.4,-6999,-6999,0,-6999,-6999,0
100,2013,156,900,13.88,3.021,37.44,20.3,2.021,35.64,20.6,3.021,37.44,-4.2,3.017,37.43,4.1,3.517,38.33,-2.6,3.017,37.43,-.4,3.017,37.43,-1.4,2.021,35.64,1.4,-6999,-6999,0,-6999,-6999,0
100,2013,156,1000,13.83,5.5,41.9,20,4.5,40.1,18.1,5.504,41.91,-5.2,5.004,41.01,4.2,5.504,41.91,-2.8,5.004,41.01,-.3,5.008,41.01,-2,4.504,40.11,.2,-6999,-6999,0,-6999,-6999,0
100,2013,156,1100,13.74,5.529,41.95,18,4.533,40.16,21.2,6.025,42.84,-5.3,5.525,41.94,3.9,6.025,42.84,-2.7,5.529,41.95,2.6,6.021,42.84,-1,5.033,41.06,-.1,-6999,-6999,0,-6999,-6999,0
100,2013,156,1200,13.7,8.99,48.18,18.1,8.48,47.27,21.2,8.99,48.18,-4.5,8.49,47.28,3.9,8.99,48.18,-3.3,8.98,48.17,-4.5,8.49,47.28,-2,8.99,48.18,-.8,-6999,-6999,0,-6999,-6999,0
100,2013,156,1300,13.69,7.51,45.51,16.4,6.508,43.72,20.5,7.51,45.51,-4.2,7.01,44.62,4.3,7.52,45.53,-2,7.01,44.62,1.3,7.52,45.53,-1.5,7.51,45.51,-.2,-6999,-6999,0,-6999,-6999,0
100,2013,156,1400,13.69,8.51,47.31,16,7.5,45.5,16.7,8.5,47.31,-3.9,8.5,47.3,3.2,9.5,49.1,-2.9,8.5,47.31,2.4,9.5,49.09,-1.7,8.5,47.3,.4,-6999,-6999,0,-6999,-6999,0
100,2013,156,1500,13.68,9.49,49.09,16.4,7.5,45.5,18.8,9,48.19,-1.9,8.5,47.3,3.1,9.5,49.09,-2.7,9,48.19,2.9,9,48.19,-1.7,8.49,47.28,-1.2,-6999,-6999,0,-6999,-6999,0
100,2013,156,1600,13.68,8.5,47.29,15.7,7.49,45.49,19.1,8.5,47.29,-.3,8.49,47.28,3.7,8.99,48.18,-2.8,8.49,47.28,2.5,8.5,47.29,-1.4,7.49,45.49,-3.1,-6999,-6999,0,-6999,-6999,0
100,2013,156,1700,13.71,7.99,46.38,15.1,6.487,43.68,19.7,7.99,46.38,-.4,7.49,45.49,3.7,7.49,45.49,-2.4,7.49,45.49,2.6,7.99,46.38,-1.1,6.492,43.69,-1,-6999,-6999,0,-6999,-6999,0
100,2013,156,1800,13.73,6.987,44.58,15.8,4.996,40.99,18.8,6.987,44.58,0,6.492,43.69,3.9,6.492,43.69,-2.6,6.492,43.69,2.9,6.992,44.59,-1.9,5.492,41.88,-.6,-6999,-6999,0,-6999,-6999,0
100,2013,156,1900,13.77,5.483,41.87,14.8,4.479,40.06,18.7,5.483,41.87,-.1,5.483,41.87,3.6,5.483,41.87,-3,5.483,41.87,2.6,5.979,42.76,-1.8,4.483,40.07,0,-6999,-6999,0,-6999,-6999,0
100,2013,156,2000,13.81,3.479,38.26,15.3,1.983,35.57,18.8,3.483,38.27,-.2,3.483,38.27,3.6,3.483,38.27,-2.9,3.479,38.26,2.9,3.483,38.27,-1.6,2.479,36.46,.7,-6999,-6999,0,-6999,-6999,0
100,2013,156,2100,13.87,.992,33.79,15.2,-.012,31.98,18.8,1.487,34.68,-.1,1.487,34.68,3.7,1.487,34.68,-2.5,.992,33.79,2.7,1.487,34.68,-1.7,-.012,31.98,1.3,-6999,-6999,0,-6999,-6999,0
100,2013,156,2200,13.92,-.004,31.99,14.9,-1.504,29.29,18.7,-.004,31.99,-.2,-.004,31.99,3.7,-.004,31.99,-2.8,0,32,2.5,0,32,-1.8,-1.504,29.29,.6,-6999,-6999,0,-6999,-6999,0
100,2013,156,2300,13.96,-.5,31.1,14.9,-2.004,28.39,18.6,-.5,31.1,-.2,-.504,31.09,3.9,-.5,31.1,-2.3,-.004,31.99,2.7,-.004,31.99,-1.7,-2,28.4,.6,-6999,-6999,0,-6999,-6999,0
100,2013,156,2400,13.98,-.504,31.09,14.8,-2.5,27.5,18.6,-.504,31.09,-.2,-1,30.2,4.4,-.504,31.09,133.9,-.504,31.09,2.4,-.504,31.09,-1.7,-2.004,28.39,.8,-6999,-6999,0,-6999,-6999,0
100,2013,157,100,14,-1,30.2,15.1,-2.5,27.5,18.6,-1,30.2,-.2,-1,30.2,4.4,-1,30.2,134.4,-1,30.2,2.1,-1,30.2,-1.2,-2.5,27.5,.8,-6999,-6999,0,-6999,-6999,0
100,2013,157,200,14.01,-1,30.2,14.8,-2.496,27.51,18.6,-1,30.2,0,-1,30.2,4.9,-.996,30.21,133.9,-1.008,30.18,2.9,-.992,30.21,-1.3,-2.496,27.51,1.4,-6999,-6999,0,-6999,-6999,0
100,2013,157,300,14.01,-1,30.2,15.1,-2.004,28.39,18.6,-1,30.2,-.2,-1,30.2,5.1,-.504,31.09,133.9,-1.992,28.41,2.6,-.004,31.99,-1.2,-2.004,28.39,1.6,-6999,-6999,0,-6999,-6999,0
100,2013,157,400,14.02,-1,30.2,15.1,-2.496,27.51,18.4,-1,30.2,0,-1,30.2,5.1,-1,30.2,133.9,-.996,30.21,2,-.5,31.1,-1.2,-2.496,27.51,1.4,-6999,-6999,0,-6999,-6999,0
100,2013,157,500,14.01,-1,30.2,15.1,-2.004,28.39,18.8,-1,30.2,0,-1,30.2,5.1,-1,30.2,133.4,-.5,31.1,2,-.5,31.1,-1.2,-2,28.4,1.4,-6999,-6999,0,-6999,-6999,0
100,2013,157,600,14,-.971,30.25,14.7,-2.475,27.54,18.6,-.975,30.24,-.3,-.975,30.24,4.4,-.979,30.24,131.9,-.475,31.15,2.2,-.479,31.14,-1.1,-1.975,28.44,.6,-6999,-6999,0,-6999,-6999,0
100,2013,157,700,13.92,2.542,36.57,203.5,.554,33,14.5,2.046,35.68,-1.5,2.042,35.68,3.5,1.546,34.78,-3.1,2.546,36.58,2.3,2.037,35.67,-1.2,1.037,33.87,-.6,-6999,-6999,0,-6999,-6999,0
100,2013,157,800,13.82,7.55,45.59,12.8,7.02,44.63,17.6,7.53,45.55,-1.2,7.02,44.64,2.5,7.02,44.64,-2.9,8.02,46.44,2,6.529,43.75,-1.6,5.529,41.95,-.4,-6999,-6999,0,-6999,-6999,0
100,2013,157,900,13.75,13.5,56.29,13.7,9.05,48.28,16,11.02,51.83,-1.2,9.52,49.13,3.9,9.52,49.14,-3.2,10.52,50.93,1.3,10.01,50.02,-1.7,9.03,48.25,-1.5,-6999,-6999,0,-6999,-6999,0
100,2013,157,1000,13.63,13,55.41,13.5,14.5,58.11,14,13,55.41,-.2,11.52,52.73,4,12.03,53.66,-3.3,12.51,54.52,2,11.51,52.72,-1.4,12.5,54.51,-.2,-6999,-6999,0,-6999,-6999,0
100,2013,157,1100,13.49,13.5,56.31,11.5,14.99,58.98,13.5,13.5,56.31,-1.6,13.5,56.29,4.5,15.98,60.76,-2.6,14,57.19,1.3,13,55.41,-2.5,13.01,55.41,-4.5,-6999,-6999,0,-6999,-6999,0
100,2013,157,1200,13.47,14,57.19,11.1,13.49,56.28,13.5,13.99,57.19,-.5,13,55.41,4,13.5,56.31,-2.3,13.5,56.29,1.7,13.5,56.31,-1.5,13.99,57.19,-1.3,-6999,-6999,0,-6999,-6999,0
100,2013,157,1300,13.52,13.5,56.29,10.3,12.5,54.49,13.7,13,55.4,-2.2,13.5,56.29,2.6,14,57.19,-2.6,13,55.39,.9,13.99,57.19,-1.7,13,55.39,-.8,-6999,-6999,0,-6999,-6999,0
100,2013,157,1400,13.55,13,55.4,10.8,11.99,53.59,13.6,13,55.39,-1.3,13,55.39,3,13.5,56.29,-2.5,12.5,54.5,1.6,13,55.39,-1.3,12.49,54.49,-.7,-6999,-6999,0,-6999,-6999,0
100,2013,157,1500,13.56,12.99,55.38,10.5,11,51.79,11.5,12.49,54.49,-1.2,12.49,54.49,2.8,12.99,55.38,-2.5,12.49,54.49,2,12.49,54.49,-1.4,11.49,52.69,-1,-6999,-6999,0,-6999,-6999,0
100,2013,157,1600,13.59,11.5,52.69,8.8,10.49,50.88,12.5,11.5,52.69,-1.4,11.5,52.69,3,11.5,52.69,-2.4,11.5,52.69,2,11.5,52.69,-1.6,10.5,50.89,-.8,-6999,-6999,0,-6999,-6999,0
100,2013,157,1700,13.61,10.99,51.78,9.9,9.49,49.09,12.2,10.99,51.78,-1.2,10.99,51.78,3,10.99,51.78,-2.6,10.99,51.78,2.9,10.99,51.78,-1.6,9.99,49.98,-1.2,-6999,-6999,0,-6999,-6999,0
100,2013,157,1800,13.65,9.49,49.09,9.5,8.49,47.28,13.9,9.99,49.98,-1.2,9.49,49.09,2.9,9.99,49.98,-2.5,9.49,49.09,2.4,9.99,49.98,-1.7,8.49,47.28,-1.7,-6999,-6999,0,-6999,-6999,0
100,2013,157,1900,13.68,8.48,47.27,9.2,6.983,44.57,10.7,8.49,47.28,-1.2,8.48,47.27,3.2,8.48,47.27,-2.4,8.48,47.27,3,8.48,47.27,-1.4,6.987,44.58,-1.5,-6999,-6999,0,-6999,-6999,0
100,2013,157,2000,13.72,6.487,43.68,9,4.987,40.98,12.5,6.983,44.57,-1.4,6.487,43.68,3.7,6.487,43.68,-2.5,6.487,43.68,3.2,6.487,43.68,-1.4,5.483,41.87,-.7,-6999,-6999,0,-6999,-6999,0
100,2013,157,2100,13.77,4.987,40.98,8.1,3.492,38.29,12.9,4.992,40.99,-1.3,4.987,40.98,4.8,4.992,40.99,-2.6,4.987,40.98,3,4.992,40.99,-1.2,3.492,38.29,-.3,-6999,-6999,0,-6999,-6999,0
100,2013,157,2200,13.82,3.504,38.31,8.4,2.5,36.5,10.8,4,39.2,-1.3,3.504,38.31,5.1,4,39.2,-2.6,3.504,38.31,2.4,4,39.2,-1,2.5,36.5,-1.5,-6999,-6999,0,-6999,-6999,0
100,2013,157,2300,13.84,3.987,39.18,8.5,2.492,36.49,10.7,3.992,39.18,-1.4,3.992,39.18,5,3.992,39.18,133.2,3.987,39.18,2,3.992,39.18,-1.1,2.492,36.49,-.7,-6999,-6999,0,-6999,-6999,0
100,2013,157,2400,13.86,2.487,36.48,8.3,1.483,34.67,10.6,2.987,37.38,-1.1,2.987,37.38,5.1,2.987,37.38,-2.9,2.487,36.48,1.6,2.983,37.37,-1,1.487,34.68,-1.1,-6999,-6999,0,-6999,-6999,0
100,2013,158,100,13.9,.996,33.79,8.6,-.504,31.09,10.4,1.492,34.68,-1,1.492,34.68,5.3,1.492,34.68,-2.6,.996,33.79,1.1,.996,33.79,-1.3,-.008,31.98,-.7,-6999,-6999,0,-6999,-6999,0
100,2013,158,200,13.93,.496,32.89,8.3,-1.004,30.19,10.5,.496,32.89,-.9,.496,32.89,5.2,.496,32.89,-2.5,.496,32.89,1.2,.496,32.89,-1.3,-1.004,30.19,-1.6,-6999,-6999,0,-6999,-6999,0
100,2013,158,300,13.96,-.004,31.99,8.5,-1.504,29.29,10.3,-.004,31.99,-.9,-.004,31.99,5.2,-.004,31.99,-2.3,-.008,31.98,1.4,-.004,31.99,-1.3,-1.504,29.29,-1.7,-6999,-6999,0,-6999,-6999,0
100,2013,158,400,13.98,-.496,31.11,8.3,-1.996,28.41,10.5,-.496,31.11,-.9,-.496,31.11,5.2,-.496,31.11,133.8,-.992,30.21,1.3,-.496,31.11,-1.3,-1.996,28.41,-1.9,-6999,-6999,0,-6999,-6999,0
100,2013,158,500,13.98,.004,32.01,8.6,-1.492,29.32,10.4,.004,32.01,-.8,.004,32.01,5.2,.004,32.01,133.8,.004,32.01,1.3,.004,32.01,-1.3,-1.492,29.32,-.9,-6999,-6999,0,-6999,-6999,0
100,2013,158,600,13.96,.512,32.92,8.4,-.487,31.12,10.7,.512,32.92,-.9,.512,32.92,4.6,.512,32.92,133.8,.512,32.92,1,.512,32.92,-1.3,-.487,31.12,-1.5,-6999,-6999,0,-6999,-6999,0
100,2013,158,700,13.92,2.029,35.65,8.3,1.025,33.85,9.4,2.029,35.65,-1,2.029,35.65,4,2.029,35.65,-3.1,2.029,35.65,1.5,2.029,35.65,-1.7,1.025,33.85,-3.9,-6999,-6999,0,-6999,-6999,0
100,2013,158,800,13.81,5.558,42,7.3,4.046,39.28,11,5.546,41.98,-1.2,5.537,41.97,4,5.542,41.97,-2.7,5.546,41.98,2.4,5.542,41.97,-1.4,4.05,39.29,-.8,-6999,-6999,0,-6999,-6999,0
100,2013,158,900,13.73,12.5,54.49,8,9.51,49.12,7.3,11.01,51.81,-2,10.01,50.01,4,10.51,50.91,-2.5,11.01,51.81,2.1,10.51,50.91,-1.2,10.01,50.01,-.5,-6999,-6999,0,-6999,-6999,0
100,2013,158,1000,13.67,12,53.59,7.1,11,51.8,10.2,12,53.59,-1,11,51.81,4.8,11.5,52.71,-2.2,12,53.59,2.3,11.5,52.7,-1.4,11,51.8,-.5,-6999,-6999,0,-6999,-6999,0
100,2013,158,1100,13.53,11.54,52.78,6.2,11.05,51.88,8.4,11.55,52.78,-1.4,11.54,52.77,5.3,12.04,53.67,-2.5,11.54,52.78,2.6,11.54,52.78,-1.4,11.05,51.89,-4.8,-6999,-6999,0,-6999,-6999,0
100,2013,158,1200,13.49,16.5,61.71,4.4,16.49,61.69,7.4,16.99,62.59,-2.7,16,60.8,2.7,16.5,61.71,-2.7,16.5,61.69,1,16.5,61.69,-1.9,16.99,62.58,-4.5,-6999,-6999,0,-6999,-6999,0
100,2013,158,1300,13.49,16.98,62.57,4.8,15.48,59.87,8.5,15.99,60.78,-3,15.99,60.78,2.7,16.99,62.58,-2.7,15.99,60.78,.8,16,60.79,-1.6,15.5,59.89,-4.8,-6999,-6999,0,-6999,-6999,0
100,2013,158,1400,13.51,15.01,59.01,3.9,13.5,56.31,6.6,14.5,58.11,-2,15,59,3.8,15.5,59.91,-2.8,14.51,58.12,.5,15.5,59.9,-1.1,15,58.99,-3.8,-6999,-6999,0,-6999,-6999,0
100,2013,158,1500,13.52,16,60.8,3.3,14,57.21,6.6,15,59.01,-2,15,59.01,3,16,60.79,-2.2,15.5,59.9,3.5,15.5,59.9,-1.3,14.5,58.1,-4.2,-6999,-6999,0,-6999,-6999,0
100,2013,158,1600,13.53,15.97,60.75,2.7,14.47,58.06,4.8,15.48,59.86,-2.6,15.48,59.86,2.8,15.48,59.86,-2.5,15.48,59.86,2.4,15.48,59.86,-1.5,14.48,58.06,-3.1,-6999,-6999,0,-6999,-6999,0
100,2013,158,1700,13.56,13,55.39,2.9,11.5,52.69,6.1,13,55.39,-3,13,55.39,3.5,13,55.39,-2.3,13,55.39,2.4,13,55.39,-1.2,12,53.59,-1.4,-6999,-6999,0,-6999,-6999,0
100,2013,158,1800,13.58,12.49,54.48,2.2,10.99,51.78,5.7,12.49,54.48,-3.1,12.49,54.48,3.1,12.49,54.48,-2.4,12.49,54.48,2.9,12.49,54.48,-1.2,11.49,52.68,-2.2,-6999,-6999,0,-6999,-6999,0
100,2013,158,1900,13.61,10.99,51.78,3.7,9.49,49.08,5.8,10.99,51.78,-3.3,10.99,51.78,3.5,10.99,51.78,-2.5,10.99,51.78,2.8,10.99,51.78,-1.3,9.98,49.97,-1.4,-6999,-6999,0,-6999,-6999,0
100,2013,158,2000,13.64,9.5,49.09,2.5,8,46.39,6.1,9.5,49.09,-3.1,9.5,49.09,2.9,9.49,49.09,-2.2,9.5,49.09,3.2,9.49,49.09,-1.2,7.99,46.38,-1.3,-6999,-6999,0,-6999,-6999,0
100,2013,158,2100,13.69,9,48.21,3.3,7.51,45.51,3.5,9,48.21,-3.6,9,48.21,3.2,8.51,47.31,-2.5,9,48.21,2.9,8.5,47.31,-1.3,7.01,44.62,-1.4,-6999,-6999,0,-6999,-6999,0
100,2013,158,2200,13.7,9.51,49.12,2.4,8.5,47.31,4.3,9.51,49.12,-3.6,9.5,49.11,3.4,9.51,49.12,-2.7,9.51,49.12,2.7,9.02,48.23,-1.2,8.01,46.42,-.6,-6999,-6999,0,-6999,-6999,0
100,2013,158,2300,13.69,10.51,50.91,1.5,9.01,48.22,6,10.5,50.91,-.9,10.01,50.01,3.1,10.51,50.91,-2,10.51,50.91,2.2,11,51.81,-1,9.5,49.11,-1.8,-6999,-6999,0,-6999,-6999,0
100,2013,158,2400,13.68,11.49,52.68,1.3,9.99,49.98,6.2,10.99,51.78,-3,10.99,51.78,3.9,11.49,52.68,-2.1,11.49,52.68,2.6,11.49,52.68,-1.1,9.99,49.99,-1.8,-6999,-6999,0,-6999,-6999,0
100,2013,159,100,13.67,10,50.01,1.9,8.5,47.31,6.5,10,50.01,-3.1,10,50,4.5,10,50.01,-2.2,10,50.01,3.1,10,50.01,-.9,9,48.21,-.3,-6999,-6999,0,-6999,-6999,0
100,2013,159,200,13.69,10.5,50.89,2.1,9,48.19,6.4,10.5,50.89,-2.9,10,50,3.4,10.5,50.89,-2.1,10.5,50.89,2.9,10.49,50.88,-.9,9.49,49.09,-3.9,-6999,-6999,0,-6999,-6999,0
100,2013,159,300,13.69,10,49.99,2,8.5,47.29,6.4,10,49.99,-3.2,10,49.99,2.7,10,49.99,-2,10,49.99,2.6,9.5,49.11,-1.1,8.5,47.3,-1.8,-6999,-6999,0,-6999,-6999,0
100,2013,159,400,13.69,9.5,49.1,2,8,46.4,4.7,9.5,49.09,-3.2,9.5,49.09,3,9.5,49.1,-2.5,9.5,49.09,1.9,10,49.99,-.9,8.5,47.29,-3.7,-6999,-6999,0,-6999,-6999,0
100,2013,159,500,13.7,9.5,49.09,2.2,8,46.39,5.9,9,48.2,-2.9,9,48.2,3.2,9.5,49.09,-1.8,9,48.2,2.9,9.5,49.09,-.9,8,46.4,0,-6999,-6999,0,-6999,-6999,0
100,2013,159,600,13.71,9,48.21,2,7.5,45.51,2.8,9,48.2,-2.7,9,48.2,3.2,9,48.21,-2.5,9,48.21,2.9,9,48.21,-.9,8,46.4,-1.6,-6999,-6999,0,-6999,-6999,0
100,2013,159,700,13.71,9.51,49.12,1.9,8.02,46.44,5.3,9.02,48.23,-3.3,9.01,48.22,2.8,9.51,49.12,-2.2,9.51,49.12,2.7,9.51,49.12,-.9,8.01,46.42,-3.2,-6999,-6999,0,-6999,-6999,0
100,2013,159,800,13.7,10.52,50.93,1,10.5,50.89,4.9,11,51.81,-3.4,10.5,50.91,2.8,10.5,50.91,-2.4,11,51.8,2.2,10.5,50.91,-1.1,9.5,49.11,-2.8,-6999,-6999,0,-6999,-6999,0
100,2013,159,900,13.67,12.5,54.51,1.8,10.03,50.05,5.3,11.52,52.73,-3.1,11.01,51.82,3.4,11.02,51.83,-2,11.02,51.83,1.9,11.02,51.83,-.7,10.02,50.04,-2,-6999,-6999,0,-6999,-6999,0
100,2013,159,1000,13.58,13.02,55.43,1.4,13.52,56.34,6.5,13.51,56.32,-3,12.52,54.54,2.9,13.02,55.44,-2.3,13.02,55.43,1.2,13.01,55.42,-.8,13.01,55.42,-3.6,-6999,-6999,0,-6999,-6999,0
100,2013,159,1100,13.51,14.98,58.97,1.3,15.97,60.75,5.7,14.99,58.98,-3.4,14.98,58.97,3,15.98,60.76,-2.6,14.99,58.98,2.4,14.49,58.09,-1.3,14.49,58.08,-5.4,-6999,-6999,0,-6999,-6999,0
100,2013,159,1200,13.5,12.99,55.38,2,12.48,54.46,2.3,13.48,56.27,-2.7,12.99,55.38,2.2,13.49,56.28,-2.2,13.48,56.26,3.4,13.48,56.27,-1.4,12.98,55.37,-4.9,-6999,-6999,0,-6999,-6999,0
100,2013,159,1300,13.58,11.51,52.72,1.8,10.02,50.03,1.2,11.51,52.72,-3.2,11.51,52.72,2.2,12.02,53.63,-2.3,11.02,51.83,1.7,11.52,52.73,-1.2,11.02,51.83,-4.4,-6999,-6999,0,-6999,-6999,0
100,2013,159,1400,13.57,12.99,55.38,1.5,11.99,53.58,1.1,12.99,55.38,-3.4,12.49,54.49,2.4,13.98,57.17,-2.2,12.99,55.38,2.2,13.48,56.27,-1.2,12.98,55.36,-5.1,-6999,-6999,0,-6999,-6999,0
100,2013,159,1500,13.59,11.51,52.72,1.2,10.51,50.91,.9,11.51,52.72,-3.5,11.5,52.71,2.2,12,53.61,-2.3,11.5,52.71,2,11.51,52.72,-1.2,10.5,50.91,-4.9,-6999,-6999,0,-6999,-6999,0
100,2013,159,1600,13.6,12.5,54.51,1.3,11.5,52.7,5.8,12.5,54.51,-2.9,12.01,53.62,3.1,12.5,54.51,-2,12.01,53.62,1.7,12.5,54.51,-1,11.01,51.81,-5,-6999,-6999,0,-6999,-6999,0
100,2013,159,1700,13.6,12.99,55.38,1.2,11.49,52.69,1.1,12.99,55.38,-2.9,12.99,55.38,2.9,12.99,55.38,-2.2,12.99,55.38,2.1,12.99,55.38,-1.2,11.99,53.59,-3.2,-6999,-6999,0,-6999,-6999,0
100,2013,159,1800,13.61,11.98,53.56,1.5,10.48,50.86,1.3,11.98,53.56,-2.8,11.98,53.56,2.8,11.98,53.56,-2.5,11.98,53.56,2.9,11.98,53.56,-1.1,10.98,51.76,-4.3,-6999,-6999,0,-6999,-6999,0
100,2013,159,1900,13.65,9.49,49.08,1.6,7.99,46.38,1.2,9.49,49.08,-3,9.49,49.08,3.1,9.49,49.09,-2.5,9.49,49.08,3,9.49,49.09,-1.2,8.49,47.28,-4,-6999,-6999,0,-6999,-6999,0
100,2013,159,2000,13.68,7.98,46.37,1.5,6.979,44.56,1.5,7.98,46.37,-3.3,7.99,46.38,2.9,8.48,47.27,-2.4,7.98,46.37,3.2,8.48,47.27,-1.2,6.983,44.57,-4.3,-6999,-6999,0,-6999,-6999,0
100,2013,159,2100,13.73,5.992,42.78,1.6,4.496,40.09,1.4,5.996,42.79,-3.1,6.492,43.69,3.2,6.492,43.69,-2.1,5.992,42.78,3.2,6.492,43.69,-1.1,4.992,40.99,-4.1,-6999,-6999,0,-6999,-6999,0
100,2013,159,2200,13.77,4.996,40.99,1.3,3.992,39.18,1.5,5.492,41.88,-3.1,5.492,41.88,3.4,5.492,41.88,-2.3,4.996,40.99,2.9,5.492,41.88,-1,3.992,39.18,-3.7,-6999,-6999,0,-6999,-6999,0
100,2013,159,2300,13.8,4.483,40.07,1.7,2.983,37.37,1.4,4.487,40.08,-3.2,4.483,40.07,3.5,4.487,40.08,-2.4,4.483,40.07,2.7,4.483,40.07,-1.1,2.983,37.37,-3.5,-6999,-6999,0,-6999,-6999,0
100,2013,159,2400,13.84,2.496,36.49,1.9,.996,33.79,1.5,2.992,37.38,-3.3,2.496,36.49,3.6,2.992,37.38,-2.1,2.492,36.49,2.2,2.496,36.49,-.9,.996,33.79,-3.3,-6999,-6999,0,-6999,-6999,0
100,2013,160,100,13.89,2,35.6,1.4,.5,32.9,1.3,1.996,35.59,-2.9,1.996,35.59,4.9,2,35.6,-2.6,1.5,34.7,2.1,2,35.6,-1.3,.5,32.9,-3.3,-6999,-6999,0,-6999,-6999,0
100,2013,160,200,13.9,2.017,35.63,1.5,.512,32.92,1.2,1.517,34.73,-3.1,1.517,34.73,4.8,2.012,35.62,-2.5,1.521,34.74,1.4,2.012,35.62,-1.1,.512,32.92,-3.5,-6999,-6999,0,-6999,-6999,0
100,2013,160,300,13.88,4.008,39.21,1.4,2.012,35.62,1.9,3.512,38.32,-2.9,3.512,38.32,5.2,3.508,38.32,-1.8,4.008,39.21,1.9,3.504,38.31,-1,2.008,35.62,-4.4,-6999,-6999,0,-6999,-6999,0
100,2013,160,400,13.88,4.983,40.97,1.4,3.483,38.27,1.2,4.983,40.97,-3.4,4.983,40.97,4.8,4.487,40.08,-2.4,4.983,40.97,2.1,3.992,39.18,-1.1,2.987,37.38,-3.1,-6999,-6999,0,-6999,-6999,0
100,2013,160,500,13.88,2.992,37.38,1.7,1.492,34.68,1.3,2.992,37.38,-3.1,2.992,37.38,5,2.992,37.38,-2.6,2.992,37.38,2.2,2.992,37.38,-1.1,1.492,34.68,-3.3,-6999,-6999,0,-6999,-6999,0
100,2013,160,600,13.9,2.033,35.66,2,.529,32.95,3,2.033,35.66,-1.8,2.037,35.67,5.8,2.033,35.66,-1.8,2.033,35.66,2.7,2.029,35.65,-1.1,.529,32.95,-.9,-6999,-6999,0,-6999,-6999,0
100,2013,160,700,13.83,6.025,42.84,213.4,4.05,39.29,4.3,6.033,42.86,-3.7,6.521,43.74,2.9,6.025,42.84,-2.3,6.029,42.85,2.9,5.525,41.94,-1.2,4.029,39.25,-1.9,-6999,-6999,0,-6999,-6999,0
100,2013,160,800,13.74,9.05,48.3,.3,10.01,50.01,5.6,10.02,50.04,-3.2,9.02,48.25,3.4,9.02,48.25,-2.2,9.52,49.15,1.8,8.53,47.36,-1,7.53,45.55,-3.2,-6999,-6999,0,-6999,-6999,0
100,2013,160,900,13.67,15.49,59.88,1.6,11.03,51.86,5,13.02,55.43,-3.2,12.02,53.63,3.6,12.02,53.64,-1.9,12.52,54.54,2.7,12.52,54.53,-1.1,11.03,51.85,-2.6,-6999,-6999,0,-6999,-6999,0
100,2013,160,1000,13.55,14.52,58.13,1.4,15.03,59.05,4.9,15.01,59.02,-2.6,14.02,57.24,2.3,14.54,58.17,-3.2,15.02,59.03,.8,14.52,58.13,-1.1,14.52,58.13,-4.6,-6999,-6999,0,-6999,-6999,0
100,2013,160,1100,13.42,16.52,61.75,1.5,18.51,65.31,4.9,16.53,61.75,-4.4,16.52,61.74,3.5,19,66.21,-2.8,17.02,62.64,-.5,16.52,61.75,-1.6,16.53,61.75,-4.8,-6999,-6999,0,-6999,-6999,0
100,2013,160,1200,13.38,19.51,67.12,.3,19.51,67.12,.2,20,68,-3.8,19.01,66.22,2.6,19.52,67.13,-3.1,19.5,67.11,1.1,19.51,67.12,-2.2,20,68.01,-5,-6999,-6999,0,-6999,-6999,0
100,2013,160,1300,13.38,21,69.79,.5,20.5,68.89,5.4,20,68.01,-3.5,20.5,68.91,3.1,21.51,70.7,-2.8,20,68,1.1,21,69.79,-1.4,20.5,68.89,-4.8,-6999,-6999,0,-6999,-6999,0
100,2013,160,1400,13.39,20.51,68.91,1.1,20,67.99,5.9,20.5,68.9,-4.6,21,69.8,3.1,22.5,72.5,-2.7,20.01,68.01,1.7,20.5,68.91,-1.2,20,68,-4.5,-6999,-6999,0,-6999,-6999,0
100,2013,160,1500,13.38,21.5,70.7,1.3,19.5,67.11,5.4,20.5,68.9,-3.8,21,69.79,4.2,21.99,71.6,-3,21,69.79,1.2,21,69.8,-1.4,20,67.99,-4.3,-6999,-6999,0,-6999,-6999,0
100,2013,160,1600,13.41,21,69.79,1.1,19.99,67.98,6,20.5,68.89,-4.1,20.5,68.89,4.8,20.99,69.78,-2.6,20.5,68.89,2.8,20.99,69.78,-1.2,19.5,67.09,-4.4,-6999,-6999,0,-6999,-6999,0
100,2013,160,1700,13.42,20.48,68.87,1.4,18.49,65.28,6.1,19.99,67.98,-3.8,19.99,67.98,4.1,19.99,67.98,-2.5,19.99,67.98,4,19.99,67.98,-1.4,18.99,66.19,-5,-6999,-6999,0,-6999,-6999,0
100,2013,160,1800,13.45,18.49,65.28,1.1,16.99,62.58,4.7,18.48,65.27,-3.3,18.48,65.27,3.2,18.48,65.27,-2.5,18.49,65.28,3.6,18.98,66.16,-1.6,17.97,64.35,-4.1,-6999,-6999,0,-6999,-6999,0
100,2013,160,1900,13.47,16.97,62.55,1.1,15.47,59.85,2.2,16.47,61.66,-4.3,16.47,61.66,3.5,16.47,61.66,-2.6,16.97,62.55,3,16.47,61.66,-1.5,14.97,58.95,-3.6,-6999,-6999,0,-6999,-6999,0
100,2013,160,2000,13.52,13.47,56.25,1.8,11.97,53.56,1.1,13.47,56.25,-2.3,13.47,56.25,3.5,13.47,56.25,-2.7,13.47,56.25,3.3,13.47,56.25,-1.4,11.97,53.56,-3,-6999,-6999,0,-6999,-6999,0
100,2013,160,2100,13.59,9.98,49.97,1.6,8.98,48.17,1.2,10.48,50.87,-2,10.48,50.86,3.6,10.48,50.87,-2.5,9.98,49.97,3.5,10.48,50.86,-1.4,8.98,48.17,-3.3,-6999,-6999,0,-6999,-6999,0
100,2013,160,2200,13.65,8,46.4,1.6,6.996,44.59,1,8.5,47.29,-2,8,46.4,3.6,8.49,47.28,-2.2,8,46.4,3.1,8,46.4,-1.4,6.996,44.59,-3.1,-6999,-6999,0,-6999,-6999,0
100,2013,160,2300,13.7,8,46.4,1.6,6.5,43.7,.8,8,46.39,-2,8,46.39,3.7,7.5,45.5,-2.2,8,46.39,3,8,46.4,-1.2,6.5,43.7,-3.1,-6999,-6999,0,-6999,-6999,0
100,2013,160,2400,13.72,8,46.39,1.8,6.496,43.69,.7,7.5,45.49,-1.4,7.5,45.49,4.4,7.5,45.49,-2.6,7.5,45.49,2.9,8,46.39,-1,6.496,43.69,-2.9,-6999,-6999,0,-6999,-6999,0
100,2013,161,100,13.75,7.5,45.49,1.5,5.996,42.79,1,7,44.6,-1.9,7,44.6,4.4,7,44.6,-2.6,7,44.6,2.6,7.5,45.5,-1.2,6,42.8,-2.5,-6999,-6999,0,-6999,-6999,0
100,2013,161,200,13.76,7,44.61,1.3,5.504,41.91,.5,7,44.6,-1.4,7,44.6,4.2,7,44.6,-2.6,7,44.61,2,7.5,45.5,-1.2,6,42.8,-2.9,-6999,-6999,0,-6999,-6999,0
100,2013,161,300,13.75,7.54,45.57,1.7,6.033,42.86,.7,7.03,44.66,-2.1,7.03,44.66,3.6,7.04,44.67,-2.5,7.54,45.57,2.9,7.53,45.55,-.9,6.033,42.86,-3.3,-6999,-6999,0,-6999,-6999,0
100,2013,161,400,13.69,12,53.6,1.7,10,50.01,.8,11.01,51.81,-2.6,11.01,51.81,2.6,11.5,52.71,-2.2,12.5,54.5,3.3,11.01,51.81,-1.5,10,50.01,-3,-6999,-6999,0,-6999,-6999,0
100,2013,161,500,13.68,12,53.59,1.2,10.49,50.88,.5,11.99,53.58,-2.2,11.99,53.58,3.5,11.99,53.58,-2.7,12.49,54.49,2.5,11.99,53.59,-1.2,10.49,50.88,-3.2,-6999,-6999,0,-6999,-6999,0
100,2013,161,600,13.67,11.51,52.72,1.5,9.51,49.12,1.1,10.52,50.93,-1.8,10.52,50.93,3,10.52,50.93,-2.3,11.51,52.72,3.3,11.01,51.82,-1.3,9.52,49.13,-3.4,-6999,-6999,0,-6999,-6999,0
100,2013,161,700,13.66,12.5,54.49,1.2,11,51.79,.6,12.49,54.49,-1.9,12.49,54.49,2.6,12.49,54.49,-2,12.5,54.49,3.3,12.5,54.49,-1,11.5,52.69,-3.2,-6999,-6999,0,-6999,-6999,0
100,2013,161,800,13.65,12.02,53.63,.9,10.51,50.91,1.2,11.51,52.72,-2.2,11.51,52.72,3,11.51,52.72,-2.5,12.01,53.62,2,12,53.61,-1.2,11,51.81,-3.9,-6999,-6999,0,-6999,-6999,0
100,2013,161,900,13.62,14.03,57.26,1.6,11.56,52.81,4.9,13.04,55.47,-3.4,12.54,54.57,3,13.04,55.47,-1.9,13.54,56.37,1.6,12.54,54.57,-.6,11.55,52.79,-3.8,-6999,-6999,0,-6999,-6999,0
100,2013,161,1000,13.49,18.03,64.45,1.1,19.03,66.25,-.2,18.02,64.44,-3,17.03,62.66,6,17.55,63.59,-3.6,18.53,65.35,1.5,17.53,63.55,-1.2,17.53,63.56,-4.7,-6999,-6999,0,-6999,-6999,0
100,2013,161,1100,13.35,21.52,70.7,1.5,22.51,72.5,4.5,21.03,69.86,-4.7,21.02,69.84,2.4,23.51,74.3,-2.5,22.02,71.6,2.5,21.02,69.84,-1.4,21.52,70.7,-6.2,-6999,-6999,0,-6999,-6999,0
100,2013,161,1200,13.3,24.02,75.2,.6,23.51,74.3,5.3,25,77,-3.4,23.52,74.3,3.1,24.51,76.1,-2.9,24.5,76.1,.9,24.01,75.2,-1.5,24.5,76.1,-4.7,-6999,-6999,0,-6999,-6999,0
100,2013,161,1300,13.31,26,78.8,1.4,24.5,76.1,4.7,25,77,-4.7,25.5,77.9,3.9,26,78.8,-2.5,25,77,-.7,25.5,77.9,-1.5,25,77,-4.9,-6999,-6999,0,-6999,-6999,0
100,2013,161,1400,13.32,25.5,77.9,1.1,23.99,75.2,2,24.99,77,-5.4,25,77,1.2,26.49,79.7,-3,25,77,3.5,25.49,77.9,-1.5,24.99,77,-4.5,-6999,-6999,0,-6999,-6999,0
100,2013,161,1500,13.31,24.99,77,.9,22.99,73.4,2.3,23.99,75.2,-3.6,24.49,76.1,3,24.99,77,-2.6,24.49,76.1,2.5,24.49,76.1,-1.4,23.99,75.2,-4.8,-6999,-6999,0,-6999,-6999,0
100,2013,161,1600,13.34,23.48,74.3,.8,21.98,71.6,.6,22.98,73.4,-3,22.98,73.4,3.6,23.48,74.3,-2.4,22.98,73.4,3.8,23.48,74.3,-1.2,22.48,72.5,-4.1,-6999,-6999,0,-6999,-6999,0
100,2013,161,1700,13.37,21,69.8,.8,19.99,67.98,.7,21,69.79,-3.5,21,69.79,3.3,21,69.79,-2.2,21,69.79,4,21,69.8,-1.6,20,67.99,-4.3,-6999,-6999,0,-6999,-6999,0
100,2013,161,1800,13.39,20.98,69.77,1.1,18.98,66.17,1.1,20.48,68.87,-2.4,20.48,68.87,3,20.48,68.87,-2.2,20.49,68.88,3.3,20.99,69.78,-1.6,19.49,67.08,-4,-6999,-6999,0,-6999,-6999,0
100,2013,161,1900,13.43,18.97,66.15,1.2,16.97,62.56,.5,18.47,65.25,-2.5,18.47,65.25,3.3,18.47,65.25,-2.7,18.97,66.15,-.4,19.47,67.04,-1.3,17.97,64.34,-4.5,-6999,-6999,0,-6999,-6999,0
100,2013,161,2000,13.47,15.47,59.85,.9,13.97,57.15,.6,15.47,59.85,-4.2,15.47,59.85,2.6,15.47,59.85,-2.2,15.47,59.85,1.3,15.47,59.84,-1,13.97,57.15,-4.7,-6999,-6999,0,-6999,-6999,0
100,2013,161,2100,13.55,11.98,53.57,1.3,10.48,50.87,.6,11.98,53.57,-4.2,11.98,53.57,2.7,11.98,53.57,-2.6,11.98,53.57,.9,11.48,52.67,-1.1,10.48,50.87,-4.3,-6999,-6999,0,-6999,-6999,0
100,2013,161,2200,13.61,9.99,49.98,1.4,8.49,47.28,.5,9.99,49.99,-4.4,9.99,49.99,2.5,9.99,49.99,-2.3,9.99,49.98,.3,9.49,49.09,-1.2,8.49,47.28,-4.2,-6999,-6999,0,-6999,-6999,0
100,2013,161,2300,13.66,8.5,47.3,1.4,7.5,45.49,.6,9,48.19,-4.4,9,48.19,2.2,9,48.19,-2.2,8.5,47.3,1.5,8.5,47.31,-1.1,7.5,45.5,-4.2,-6999,-6999,0,-6999,-6999,0
100,2013,161,2400,13.7,8.51,47.31,212,7.01,44.62,.3,8.5,47.31,-4.4,8.5,47.31,2.5,8.5,47.31,-2.3,8.51,47.31,.6,9,48.21,-1.3,7.5,45.51,-4.1,-6999,-6999,0,-6999,-6999,0
100,2013,162,100,13.71,9.51,49.12,211,8,46.41,.4,9,48.21,-4.5,9.01,48.22,2.7,9.01,48.22,-2.6,9.51,49.12,2.4,9.51,49.12,-1.4,8.01,46.41,-4.1,-6999,-6999,0,-6999,-6999,0
100,2013,162,200,13.69,10.51,50.92,210.9,8.51,47.32,.1,9.52,49.13,-4.9,10.01,50.02,2.9,10.01,50.02,-2.5,10.51,50.92,2.5,10.51,50.92,-1.5,9.01,48.22,-4.7,-6999,-6999,0,-6999,-6999,0
100,2013,162,300,13.68,12,53.6,210.9,10,50,.1,11.5,52.69,-4.6,11.5,52.7,2.6,11.5,52.7,-2.5,12,53.6,-2.1,12,53.59,-1.6,10.5,50.9,-4.7,-6999,-6999,0,-6999,-6999,0
100,2013,162,400,13.68,11.99,53.58,212,9.99,49.98,.6,10.99,51.78,-4.7,11.49,52.69,2.6,11.49,52.68,-2.6,11.99,53.59,2.2,11.49,52.69,-1.2,10.49,50.88,-4.1,-6999,-6999,0,-6999,-6999,0
100,2013,162,500,13.68,10.53,50.95,211.8,8.53,47.35,.5,10.02,50.04,-4.4,10.52,50.94,3.1,10.03,50.05,-2.1,11.03,51.85,2.7,10.53,50.95,-1.3,9.03,48.26,-3,-6999,-6999,0,-6999,-6999,0
100,2013,162,600,13.65,14,57.21,1.2,12,53.61,.4,13,55.41,-4.1,13,55.41,2.3,13.5,56.3,-2.1,14.5,58.09,3.2,14,57.19,-1.7,13,55.39,-3.8,-6999,-6999,0,-6999,-6999,0
100,2013,162,700,13.63,14.51,58.12,.3,12.54,54.57,-1.3,13.52,56.34,-5.1,13.52,56.33,2.2,13.52,56.33,-2.7,14.02,57.23,2.7,13.51,56.32,-1.8,12.51,54.52,-4.5,-6999,-6999,0,-6999,-6999,0
100,2013,162,800,13.57,15.55,59.98,-.2,17,62.61,1.9,16.02,60.84,-5.6,15.52,59.94,3.6,15.52,59.94,-2.1,16.02,60.84,3.5,15.03,59.05,-1.9,14.02,57.25,-3.6,-6999,-6999,0,-6999,-6999,0
100,2013,162,900,13.54,20.98,69.77,1.1,17.52,63.54,3.2,19,66.21,-4.4,18,64.41,4.1,18.01,64.41,-2.4,18.5,65.31,2.8,18.5,65.3,-2,17.01,62.62,-4.2,-6999,-6999,0,-6999,-6999,0
100,2013,162,1000,13.45,19.01,66.22,1.6,20.01,68.02,5.8,19.51,67.12,-3.5,18.52,65.33,3.6,19.04,66.27,-3.6,19.02,66.23,3.1,18.52,65.33,-1.9,18.52,65.33,-4.3,-6999,-6999,0,-6999,-6999,0
100,2013,162,1100,13.33,20.53,68.95,.1,21.52,70.7,-.2,20.54,68.97,-4.1,20.52,68.94,2.1,23.5,74.3,-2.7,21.03,69.85,-2.1,20.52,68.94,-1.1,20.53,68.95,-5.7,-6999,-6999,0,-6999,-6999,0
100,2013,162,1200,13.3,24.01,75.2,-.5,24,75.2,-.2,25,77,-3,23.51,74.3,3.8,24.01,75.2,-2.3,24.5,76.1,3.3,23.01,73.4,-1.7,24,75.2,-5.9,-6999,-6999,0,-6999,-6999,0
100,2013,162,1300,13.31,25.5,77.9,.6,24.5,76.1,.5,24.5,76.1,-2.8,25,77,5,25.5,77.9,-2.3,24,75.2,5.2,24.49,76.1,-1.4,24.49,76.1,-3.9,-6999,-6999,0,-6999,-6999,0
100,2013,162,1400,13.33,24.99,77,.7,23.98,75.2,.8,23.99,75.2,-3.4,24.49,76.1,5.8,25.98,78.8,-2.7,23.5,74.3,4.8,23.5,74.3,-1.4,23,73.4,-4.8,-6999,-6999,0,-6999,-6999,0
100,2013,162,1500,13.32,23.49,74.3,.7,21.99,71.6,.4,22.99,73.4,-3.4,22.99,73.4,3.6,23.99,75.2,-2.8,22.99,73.4,4.4,23.49,74.3,-1.4,22.49,72.5,-4.5,-6999,-6999,0,-6999,-6999,0
100,2013,162,1600,13.36,22.49,72.5,1.3,20.99,69.78,.8,21.99,71.6,-3.3,21.99,71.6,3.6,22.49,72.5,-2.4,21.99,71.6,3.5,22.49,72.5,-1.2,20.99,69.78,-3.9,-6999,-6999,0,-6999,-6999,0
100,2013,162,1700,13.39,20.97,69.75,1.1,19.47,67.06,1,20.48,68.86,-.5,20.97,69.75,4.1,20.97,69.75,-2.4,20.48,68.86,3.6,20.97,69.75,-1.3,19.48,67.06,-3.3,-6999,-6999,0,-6999,-6999,0
100,2013,162,1800,13.43,17.99,64.38,1.1,16.49,61.69,1.3,17.99,64.38,-3.8,17.99,64.38,4.1,17.99,64.38,-2.7,17.99,64.38,3.2,17.99,64.38,-1.4,16.99,62.58,-3,-6999,-6999,0,-6999,-6999,0
100,2013,162,1900,13.47,16.99,62.58,1.2,15.49,59.88,.8,16.99,62.58,-.5,16.49,61.69,3.9,16.99,62.58,-2.7,16.99,62.58,3.7,16.99,62.58,-1.3,15.49,59.88,-4,-6999,-6999,0,-6999,-6999,0
100,2013,162,2000,13.51,15.5,59.89,1,13.99,57.19,1.2,15.49,59.88,-3.8,15.49,59.88,3.8,15.49,59.88,-2.4,15.49,59.88,3.7,15.5,59.89,-1.3,14.49,58.09,-3.8,-6999,-6999,0,-6999,-6999,0
100,2013,162,2100,13.54,14.99,58.99,1.4,13,55.39,1.3,14.5,58.09,-.4,14.5,58.09,3.8,14.5,58.09,-2.3,14.5,58.09,4.1,14.99,58.99,-1.2,13.5,56.29,-4.6,-6999,-6999,0,-6999,-6999,0
100,2013,162,2200,13.57,13.99,57.19,1.8,12.49,54.49,1.4,13.99,57.19,-.7,13.99,57.19,3.7,13.99,57.19,-2,13.99,57.19,3.1,14,57.19,-1.3,12.99,55.38,-3.6,-6999,-6999,0,-6999,-6999,0
100,2013,162,2300,13.59,13,55.4,1.3,11.5,52.7,1,13,55.39,-1.8,13,55.39,3.9,13,55.4,-3,13,55.39,4.5,13.5,56.29,-1.2,12,53.59,-3.9,-6999,-6999,0,-6999,-6999,0
100,2013,162,2400,13.61,13,55.39,1,11.5,52.69,1.1,12.5,54.5,-.8,12.5,54.5,3.7,13,55.39,-2.3,12.5,54.5,1.8,13,55.39,-1.2,11.5,52.69,-3.7,-6999,-6999,0,-6999,-6999,0
100,2013,163,100,13.62,12.49,54.49,210.9,10.99,51.78,1.2,12.49,54.49,-.1,12.49,54.49,3.6,12.49,54.49,-2.5,12.49,54.49,3.7,12.49,54.49,-1.2,11,51.79,-4.7,-6999,-6999,0,-6999,-6999,0
100,2013,163,200,13.63,11.5,52.69,212.5,10,49.99,.9,11.49,52.69,-4.2,11.49,52.69,4.2,11.49,52.69,-2.7,11.49,52.69,3.4,11.49,52.69,-1.2,10.49,50.88,-4.4,-6999,-6999,0,-6999,-6999,0
100,2013,163,300,13.66,10.97,51.75,213,9.47,49.06,1,10.48,50.86,-2.7,10.48,50.86,3.4,10.48,50.86,-2.9,10.47,50.85,3.5,10.48,50.86,-1.4,9.47,49.06,-4.8,-6999,-6999,0,-6999,-6999,0
100,2013,163,400,13.69,7.48,45.47,211.8,6.479,43.66,1.1,7.98,46.36,-2.4,7.98,46.36,3.6,7.98,46.36,-2.6,7.48,45.47,3.7,7.98,46.36,-1.1,6.479,43.66,-3.9,-6999,-6999,0,-6999,-6999,0
100,2013,163,500,13.75,5.492,41.88,211.6,3.992,39.18,1.1,5.492,41.88,-1.8,5.492,41.88,4.1,5.492,41.88,-2.8,5.492,41.88,3.6,5.496,41.89,-1.1,3.996,39.19,-4.1,-6999,-6999,0,-6999,-6999,0
100,2013,163,600,13.8,4.521,40.14,1.5,3.021,37.44,.6,4.517,40.13,-4.8,4.517,40.13,3.7,4.517,40.13,-2.9,4.517,40.13,2.5,5.012,41.02,-1,3.517,38.33,-4.5,-6999,-6999,0,-6999,-6999,0
100,2013,163,700,13.78,7.03,44.66,1.4,5.563,42.01,-1.3,6.537,43.77,-4.7,6.533,43.76,3.7,6.533,43.76,-2.7,6.542,43.78,-.9,6.529,43.75,-.9,5.529,41.95,-4.1,-6999,-6999,0,-6999,-6999,0
100,2013,163,800,13.69,11.06,51.9,-.3,13.02,55.43,.1,11.05,51.88,-4.1,10.54,50.97,3.5,10.54,50.97,-2.5,11.53,52.76,3.4,10.04,50.07,-.9,9.04,48.28,-4,-6999,-6999,0,-6999,-6999,0
100,2013,163,900,13.6,18,64.41,.5,15.03,59.06,-.7,16.52,61.74,-.6,15.02,59.04,3.2,15.02,59.04,-2.9,15.52,59.94,2.7,15.02,59.04,-1.7,14.03,57.26,-5.2,-6999,-6999,0,-6999,-6999,0
100,2013,163,1000,13.49,18.51,65.31,.4,19.01,66.22,3.8,19,66.21,-4.6,18.01,64.41,4,18.02,64.44,-3.3,18.51,65.31,2.4,17.51,63.52,-1.4,18.01,64.41,-5.4,-6999,-6999,0,-6999,-6999,0
100,2013,163,1100,13.4,19.52,67.13,-.4,20.5,68.91,1,19.52,67.15,-4.3,19.02,66.23,3.7,21,69.81,-3.4,19.52,67.14,1.7,19.01,66.22,-.8,19.02,66.25,-6.8,-6999,-6999,0,-6999,-6999,0
100,2013,163,1200,13.36,21.51,70.7,-.5,21.01,69.81,.4,22.5,72.5,-5.8,21.01,69.82,4.1,21.51,70.7,-3.5,22,71.6,1.9,20.52,68.94,-1.3,22.01,71.6,-5.6,-6999,-6999,0,-6999,-6999,0
100,2013,163,1300,13.35,22.99,73.4,.6,21.98,71.6,0,22,71.6,-5.4,22.49,72.5,5,23,73.4,-3.8,21.5,70.7,-2.8,22.99,73.4,-1.3,22.99,73.4,-5,-6999,-6999,0,-6999,-6999,0