100,2013,64,1500,13.96,.996,33.79,66.5,-.504,31.09,72.3,.996,33.79,50.5,.496,32.89,181.4,1.487,34.68,60.8,1.492,34.68,33.1,.996,33.79,44.4,-.008,31.98,67.9,-6999,-6999,0,-6999,-6999,0
100,2013,64,1600,13.98,.492,32.88,66.8,-1.008,30.18,72.2,.492,32.88,50.6,-.004,31.99,182.9,-.004,31.99,60.3,.487,32.88,33.7,.487,32.88,44.3,-1.012,30.18,67.9,-6999,-6999,0,-6999,-6999,0
100,2013,64,1700,14.01,-.504,31.09,212.6,-2.008,28.38,72.2,-.508,31.09,50.5,-.508,31.09,183.4,-.508,31.09,60.5,-1.004,30.19,34.2,-1.004,30.19,44.2,-2.504,27.49,67.8,-6999,-6999,0,-6999,-6999,0
100,2013,64,1800,14.03,-1.021,30.16,66,-3.017,26.57,72,-1.512,29.28,50.2,-1.517,29.27,183.5,-1.517,29.27,60.2,-1.517,29.27,33.4,-1.517,29.27,44,-3.017,26.57,67.1,-6999,-6999,0,-6999,-6999,0
100,2013,64,1900,14.06,-3.512,25.68,66,-5.012,22.98,72,-3.017,26.57,50.2,-3.512,25.68,183.6,-3.517,25.67,131.8,-3.512,25.68,32.7,-3.512,25.68,44.1,-5.017,22.97,67.3,-6999,-6999,0,-6999,-6999,0
100,2013,64,2000,14.1,-5.017,22.97,65.8,-6.517,20.27,71.9,-5.017,22.97,50.4,-5.017,22.97,183.5,-5.517,22.07,133.7,-5.017,22.97,30.1,-5.017,22.97,44.1,-7.02,19.37,67.9,-6999,-6999,0,-6999,-6999,0
100,2013,64,2100,14.14,-7.01,19.38,65.6,-8.51,16.68,71.7,-7.01,19.38,50.2,-7.01,19.38,182.2,-7.51,18.48,124,-7.01,19.38,30.7,-7.01,19.38,43.8,-9.01,15.78,68,-6999,-6999,0,-6999,-6999,0
100,2013,64,2200,14.19,-8.51,16.68,65.8,-10.01,13.98,71.6,-8.51,16.68,50.2,-8.51,16.68,56.3,-9.01,15.79,59.8,-8.51,16.68,30.1,-8.51,16.68,43.9,-10.51,13.08,67.8,-6999,-6999,0,-6999,-6999,0
100,2013,64,2300,14.23,-10.01,13.98,66.1,-11.51,11.29,71.6,-10.01,13.98,50.1,-10.01,13.98,182.2,-10.01,13.98,60.1,-10.01,13.98,29.9,-10,13.99,43.7,-11.51,11.29,67.2,-6999,-6999,0,-6999,-6999,0
100,2013,64,2400,14.27,-11,12.19,66.3,-12.5,9.49,71.6,-11,12.2,49.9,-11.5,11.31,181.5,-11.5,11.3,59.6,-11,12.19,29.8,-10.51,13.08,43.8,-12.5,9.49,67.1,-6999,-6999,0,-6999,-6999,0
100,2013,65,100,14.29,-11.5,11.3,65.8,-13,8.6,71.5,-11,12.19,49.9,-11.01,12.18,56.3,-11.5,11.29,59.7,-11.5,11.3,29.4,-11.5,11.3,43.8,-13,8.6,67.1,-6999,-6999,0,-6999,-6999,0
100,2013,65,200,14.31,-11.47,11.36,65.3,-12.97,8.65,71.5,-11.47,11.35,50,-11.97,10.46,56.5,-11.97,10.46,123.6,-11.46,11.37,30.9,-11.47,11.35,43.8,-12.97,8.65,67.7,-6999,-6999,0,-6999,-6999,0
100,2013,65,300,14.23,-7.47,18.55,65.3,-9.47,14.96,71.2,-7.97,17.66,49.8,-7.97,17.65,56.6,-7.97,17.65,59.8,-6.979,19.44,32,-8.47,16.76,43.6,-9.47,14.95,67,-6999,-6999,0,-6999,-6999,0
100,2013,65,400,14.17,-3.992,24.82,212.2,-5.492,22.12,71.4,-3.992,24.82,49.8,-4.492,23.91,56.9,-4.492,23.91,59.6,-4.487,23.92,31.9,-4.487,23.92,43.8,-5.987,21.22,66.6,-6999,-6999,0,-6999,-6999,0
100,2013,65,500,14.14,-3.004,26.59,211.7,-4.504,23.89,71.2,-3.004,26.59,49.7,-3.5,25.7,56.1,-3.504,25.69,59.2,-3.008,26.59,31.5,-3.004,26.59,43.3,-4.504,23.89,66.8,-6999,-6999,0,-6999,-6999,0
100,2013,65,600,14.14,-3.521,25.66,65.5,-5.021,22.96,70.9,-3.521,25.66,49.8,-3.521,25.66,56.5,-4.017,24.77,132.4,-4.017,24.77,31.6,-3.521,25.66,43.3,-5.021,22.96,67.1,-6999,-6999,0,-6999,-6999,0
100,2013,65,700,14.14,-6.008,21.18,65.3,-7.51,18.48,71.1,-6.008,21.18,49.6,-6.012,21.18,56.7,-6.012,21.18,123.6,-6.008,21.18,31.7,-6.008,21.18,43.4,-7.51,18.48,67,-6999,-6999,0,-6999,-6999,0
100,2013,65,800,14.17,-6.979,19.44,65.5,-8.47,16.74,72,-6.979,19.44,50.1,-7.47,18.56,180.7,-7.48,18.54,59.9,-6.979,19.44,35,-6.979,19.44,43.2,-8.97,15.85,66.7,-6999,-6999,0,-6999,-6999,0
100,2013,65,900,14.11,-4.462,23.97,65.3,-5.462,22.17,71,-4.45,23.99,49,-3.462,25.77,180.3,-4.954,23.08,133.3,-4.454,23.98,33.1,-4.458,23.97,43.4,-5.958,21.27,67.2,-6999,-6999,0,-6999,-6999,0
100,2013,65,1000,14.04,.029,32.05,65.3,-.967,30.26,70.9,1.529,34.75,49,1.021,33.84,183,.525,32.94,59.1,1.025,33.85,33.4,.525,32.94,43.2,-.946,30.3,65.7,-6999,-6999,0,-6999,-6999,0
100,2013,65,1100,13.92,3.517,38.33,65.1,3.008,37.41,70.8,5.012,41.02,48.6,3.525,38.35,183.3,3.517,38.33,58.7,4.012,39.22,33.9,3.525,38.35,42.6,5.512,41.92,65.3,-6999,-6999,0,-6999,-6999,0
100,2013,65,1200,13.88,5.525,41.94,64.1,4.008,39.21,70.7,6.529,43.75,47.2,6.521,43.74,182.7,5.512,41.92,58.4,5.508,41.91,33.5,6.504,43.71,42.6,7.02,44.64,64.3,-6999,-6999,0,-6999,-6999,0
100,2013,65,1300,13.86,8.48,47.26,63.5,5,41,70.5,9.97,49.94,48.1,8.97,48.15,182.3,6.996,44.59,58.3,6.5,43.7,34,6.992,44.59,42.8,9.46,49.03,65.6,-6999,-6999,0,-6999,-6999,0
100,2013,65,1400,13.85,5.996,42.79,63.6,4.992,40.99,70.3,5.996,42.79,47.6,5.496,41.89,55,6.492,43.69,58.4,6.496,43.69,33.1,5.996,42.79,42.4,5,41,64.4,-6999,-6999,0,-6999,-6999,0
100,2013,65,1500,13.85,5.496,41.89,63.4,3.996,39.19,70.3,5.496,41.89,47.6,4.996,40.99,54.8,5.496,41.89,58,5.992,42.78,32.6,5.496,41.89,42.5,4.992,40.99,64.5,-6999,-6999,0,-6999,-6999,0
100,2013,65,1600,13.85,4.996,40.99,63.6,3.492,38.29,70.1,4.992,40.99,47.7,4.496,40.09,54.9,4.992,40.99,58.2,4.996,40.99,33.4,4.996,40.99,42.7,3.992,39.18,64.7,-6999,-6999,0,-6999,-6999,0
100,2013,65,1700,13.86,4.479,40.06,63.4,2.483,36.47,70.2,3.983,39.17,47.4,3.983,39.17,54.9,3.983,39.17,58.1,4.479,40.06,32.6,4.483,40.07,42.3,2.983,37.37,64.7,-6999,-6999,0,-6999,-6999,0
100,2013,65,1800,13.88,1.992,35.59,63.2,.492,32.88,70.4,1.987,35.58,47.6,1.987,35.58,54.8,1.987,35.58,133.3,1.992,35.59,32.9,2.487,36.48,42.3,.983,33.77,65.2,-6999,-6999,0,-6999,-6999,0
100,2013,65,1900,13.92,.996,33.79,63.4,-.504,31.09,70.5,.5,32.9,47.9,.5,32.9,54.7,.496,32.89,133.8,.996,33.79,33.1,.996,33.79,42.6,-.996,30.21,65.1,-6999,-6999,0,-6999,-6999,0
100,2013,65,2000,13.95,.5,32.9,63.4,-1,30.2,70.3,.5,32.9,47.7,.5,32.9,54.3,.004,32.01,133.3,.5,32.9,32.9,.5,32.9,42.4,-.5,31.1,65.1,-6999,-6999,0,-6999,-6999,0
100,2013,65,2100,13.96,.5,32.9,63.4,-1,30.2,70.2,.5,32.9,47.4,.5,32.9,54.3,.5,32.9,133.8,.5,32.9,33.1,.5,32.9,42.3,-.504,31.09,65.2,-6999,-6999,0,-6999,-6999,0
100,2013,65,2200,13.96,.5,32.9,62.9,-1,30.2,69.8,.5,32.9,47.4,.496,32.89,54.2,.496,32.89,133.3,.5,32.9,32.7,.5,32.9,42.1,-1,30.2,64.9,-6999,-6999,0,-6999,-6999,0
100,2013,65,2300,13.97,.496,32.89,63,-1.004,30.19,70,.496,32.89,47.3,0,32,53.8,0,32,133.3,.5,32.9,32.7,.5,32.9,42.1,-1,30.2,64.9,-6999,-6999,0,-6999,-6999,0
100,2013,65,2400,13.97,0,32,63,-1.5,29.3,69.8,0,32,47.3,0,32,54,0,32,133.3,.5,32.9,32.7,.5,32.9,42.1,-1,30.2,64.9,-6999,-6999,0,-6999,-6999,0
100,2013,66,100,13.97,.004,32.01,62.9,-1.496,29.31,69.7,0,32,47.3,0,32,53.3,0,32,133.3,.5,32.9,32.7,.5,32.9,42.1,-1,30.2,64.9,-6999,-6999,0,-6999,-6999,0
100,2013,66,200,13.98,.5,32.9,62.9,-1,30.2,69.8,.004,32.01,47.4,.004,32.01,54.2,.004,32.01,133.3,.5,32.9,32.7,.5,32.9,42.3,-.996,30.21,64.6,-6999,-6999,0,-6999,-6999,0
100,2013,66,300,13.97,.496,32.89,63,-1,30.2,69.7,.496,32.89,47.6,.496,32.89,54.3,.496,32.89,133.3,.5,32.9,32.6,.5,32.9,41.9,-.504,31.09,64.9,-6999,-6999,0,-6999,-6999,0
100,2013,66,400,13.97,0,32,63,-1.004,30.19,69.7,0,32,47.3,0,32,54.3,0,32,133.8,.5,32.9,32.6,.496,32.89,42,-1,30.2,63.9,-6999,-6999,0,-6999,-6999,0
100,2013,66,500,13.97,0,32,63,-1.5,29.3,69.4,0,32,47.2,0,32,54,0,32,133.8,.496,32.89,32.7,.004,32.01,41.8,-1.004,30.19,64.1,-6999,-6999,0,-6999,-6999,0
100,2013,66,600,13.98,-.004,31.99,62.7,-1.504,29.29,69.4,-.004,31.99,47.1,-.004,31.99,54.1,-.004,31.99,57.2,-.004,31.99,32.5,.492,32.88,42,-1.504,29.29,65.2,-6999,-6999,0,-6999,-6999,0
100,2013,66,700,13.98,-.521,31.06,63.5,-2.017,28.37,69.4,-.517,31.07,47.2,-.517,31.07,53.9,-.521,31.06,123.3,-.517,31.07,32.6,-.521,31.06,41.9,-2.021,28.36,64.1,-6999,-6999,0,-6999,-6999,0
100,2013,66,800,14.02,-2.983,26.63,62.9,-3.987,24.82,69.4,-2.487,27.52,47,-2.483,27.53,53.7,-2.983,26.63,133.4,-2.483,27.53,32.4,-2.979,26.64,41.7,-4.479,23.94,64.2,-6999,-6999,0,-6999,-6999,0
100,2013,66,900,13.98,-.979,30.24,62.6,-2.475,27.54,69.4,-.967,30.26,46.6,-.479,31.14,54.1,-.979,30.24,133,-.479,31.14,32.4,-.479,31.14,41.9,-1.975,28.44,64.7,-6999,-6999,0,-6999,-6999,0
100,2013,66,1000,13.93,1.525,34.74,63.1,.529,32.95,69.2,3.025,37.44,46.9,2.021,35.64,54,1.525,34.74,57.1,2.025,35.65,32.6,2.021,35.64,41.7,1.046,33.88,63.7,-6999,-6999,0,-6999,-6999,0
100,2013,66,1100,13.88,4.504,40.11,62.4,3.996,39.19,69,5.996,42.79,46.4,4.504,40.11,53.6,4.504,40.11,57,5,41,32.6,4.508,40.12,41.4,6.487,43.68,63.6,-6999,-6999,0,-6999,-6999,0
100,2013,66,1200,13.84,5.004,41.01,62.8,3.504,38.31,69.2,5.504,41.91,46.3,5.004,41.01,183.3,5.004,41.01,56.9,5,41,32.6,5.5,41.9,41.3,5,41,63.6,-6999,-6999,0,-6999,-6999,0
100,2013,66,1300,13.82,5.5,41.9,62.2,4.004,39.21,69,5.996,42.79,46.6,5.5,41.9,183,5.5,41.9,56.9,5.004,41.01,32.7,5.5,41.9,41.3,5,41,63.6,-6999,-6999,0,-6999,-6999,0
100,2013,66,1400,13.81,5.5,41.9,62.2,4.496,40.09,69,5.5,41.9,46.3,5.496,41.89,183.2,5.5,41.9,56.4,5.5,41.9,32.4,5.496,41.89,40.9,4.996,40.99,63.4,-6999,-6999,0,-6999,-6999,0
100,2013,66,1500,13.81,5.496,41.89,61.9,3.996,39.19,69,5.496,41.89,46.2,4.996,40.99,183.2,5.496,41.89,56.5,5.496,41.89,32.3,5,41,41,4.496,40.09,63.5,-6999,-6999,0,-6999,-6999,0
100,2013,66,1600,13.81,4.987,40.98,61.9,3.487,38.28,69.1,4.987,40.98,46,4.492,40.09,183,4.987,40.98,56.5,4.987,40.98,32,4.987,40.98,40.9,3.983,39.17,63.1,-6999,-6999,0,-6999,-6999,0
100,2013,66,1700,13.84,3.487,38.28,61.9,1.987,35.58,69.1,3.487,38.28,46.4,3.487,38.28,182.7,3.487,38.28,56.7,3.487,38.28,32.2,3.487,38.28,41,1.987,35.58,63.2,-6999,-6999,0,-6999,-6999,0
100,2013,66,1800,13.87,1.967,35.54,61.8,.471,32.85,68.9,1.971,35.55,46,1.971,35.55,54.1,1.971,35.55,133.4,1.967,35.54,32.2,1.971,35.55,40.7,.471,32.85,63.3,-6999,-6999,0,-6999,-6999,0
100,2013,66,1900,13.92,-2.008,28.38,62.1,-3.012,26.58,68.7,-1.512,29.28,46,-1.512,29.28,54.2,-1.517,29.27,123.6,-2.008,28.38,32.1,-1.512,29.28,40.9,-3.012,26.58,63.8,-6999,-6999,0,-6999,-6999,0
100,2013,66,2000,13.99,-3.008,26.59,62,-4.508,23.88,68.9,-3.008,26.59,46.1,-3.008,26.59,54.3,-3.504,25.69,133.2,-3.008,26.59,32.2,-3.008,26.59,40.9,-4.508,23.88,62.9,-6999,-6999,0,-6999,-6999,0
100,2013,66,2100,14.04,-4.008,24.79,61.9,-5.508,22.09,68.8,-4.008,24.79,46,-4.008,24.79,54.1,-4.008,24.79,133.3,-4.008,24.79,32,-4.008,24.79,40.8,-5.508,22.09,62.9,-6999,-6999,0,-6999,-6999,0
100,2013,66,2200,14.08,-5.008,22.98,61.7,-6.508,20.29,68.8,-5.008,22.98,46.1,-5.008,22.98,54.1,-5.008,22.98,133.3,-5.008,22.98,32,-5.008,22.98,40.7,-6.512,20.28,63.3,-6999,-6999,0,-6999,-6999,0
100,2013,66,2300,14.11,-6.008,21.18,61.7,-7.51,18.48,68.8,-6.004,21.19,45.8,-6.004,21.19,54.1,-6.008,21.18,133.4,-6.008,21.18,32,-6.008,21.18,40.7,-8,17.59,62.9,-6999,-6999,0,-6999,-6999,0
100,2013,66,2400,14.14,-7,19.4,61.7,-8.5,16.7,68.8,-6.504,20.29,46,-6.504,20.29,54.1,-7,19.39,133.4,-7,19.4,32,-7,19.4,40.7,-8.5,16.69,63.1,-6999,-6999,0,-6999,-6999,0
100,2013,67,100,14.16,-6.996,19.41,61.9,-8.5,16.71,68.8,-6.996,19.41,46,-6.996,19.41,54.1,-7.5,18.51,133.7,-6.996,19.41,31.9,-6.996,19.41,40.8,-8.99,15.82,63.3,-6999,-6999,0,-6999,-6999,0
100,2013,67,200,14.17,-6.492,20.32,61.6,-7.99,17.61,68.6,-6.492,20.32,45.8,-6.496,20.31,54.2,-6.992,19.42,133.7,-6.496,20.31,32.2,-6.492,20.32,40.7,-8,17.61,63.2,-6999,-6999,0,-6999,-6999,0
100,2013,67,300,14.16,-5.504,22.09,61.7,-7,19.39,68.6,-5.504,22.09,46,-6,21.2,54.1,-6,21.2,132.8,-6,21.2,32,-5.5,22.1,40.7,-7.5,18.5,63.2,-6999,-6999,0,-6999,-6999,0
100,2013,67,400,14.16,-5.996,21.21,61.6,-7.5,18.51,68.5,-5.996,21.21,45.7,-6,21.2,53.9,-6,21.2,133.3,-5.996,21.21,31.8,-5.496,22.11,40.6,-7.5,18.51,63,-6999,-6999,0,-6999,-6999,0
100,2013,67,500,14.15,-5.504,22.09,61.7,-7,19.39,68.5,-5.504,22.09,45.8,-6,21.2,53.9,-6.004,21.19,123.5,-5.504,22.09,31.9,-5.004,22.99,40.7,-7,19.4,63,-6999,-6999,0,-6999,-6999,0
100,2013,67,600,14.16,-6.004,21.19,61.5,-7.51,18.48,68.6,-6.004,21.19,45.7,-6.008,21.18,54.1,-6.504,20.29,121.2,-6.004,21.19,31.6,-5.508,22.09,40.6,-7.01,19.39,62.8,-6999,-6999,0,-6999,-6999,0
100,2013,67,700,14.17,-6.487,20.32,61.4,-8.49,16.72,68.6,-6.492,20.32,46,-6.987,19.42,54.1,-6.987,19.42,120.2,-6.492,20.32,32,-6.487,20.32,40.8,-7.99,17.62,62.9,-6999,-6999,0,-6999,-6999,0
100,2013,67,800,14.13,-4.975,23.04,61.3,-6.975,19.45,68.6,-5.475,22.15,45.7,-5.475,22.15,53.9,-5.475,22.15,133.4,-5.475,22.15,31.9,-4.979,23.04,40.4,-6.479,20.34,62.5,-6999,-6999,0,-6999,-6999,0
100,2013,67,900,14.08,-1.987,28.42,61.4,-3.983,24.83,68.2,-2.483,27.53,45.5,-2.487,27.52,54,-2.487,27.52,133.9,-2.487,27.52,32.1,-2.483,27.53,40.5,-3.979,24.84,62.9,-6999,-6999,0,-6999,-6999,0
100,2013,67,1000,14.02,-.483,31.13,61.5,-1.983,28.43,68.3,-.483,31.13,45.5,-.983,30.23,53.9,-.983,30.23,133.8,-.979,30.24,31.7,-.483,31.13,40.5,-1.483,29.33,62.4,-6999,-6999,0,-6999,-6999,0
100,2013,67,1100,13.96,1.517,34.73,61.4,.017,32.03,68.2,1.517,34.73,45.5,1.017,33.83,183.3,1.021,33.84,56,1.512,34.72,31.7,1.512,34.72,40.5,.517,32.93,62.1,-6999,-6999,0,-6999,-6999,0
100,2013,67,1200,13.9,3.512,38.32,60.9,2.012,35.62,68.2,3.512,38.32,45.5,3.012,37.42,182.4,3.508,38.32,56.3,3.012,37.42,31.7,3.012,37.42,40.5,2.512,36.52,61.7,-6999,-6999,0,-6999,-6999,0
100,2013,67,1300,13.87,5,41,60.9,3.5,38.3,68.3,5,41,45.5,4.5,40.1,182.4,4.504,40.11,55.7,4.504,40.11,31.4,4.5,40.1,40.3,4,39.2,61.7,-6999,-6999,0,-6999,-6999,0
100,2013,67,1400,13.84,5,41,60.9,3.5,38.3,67.6,5,41,45.4,4.5,40.1,182.5,5,41,55.7,5,41,31.4,4.504,40.11,40.4,4,39.2,61.7,-6999,-6999,0,-6999,-6999,0
100,2013,67,1500,13.84,4.975,40.95,61.4,3.475,38.26,67.8,4.975,40.95,45,4.479,40.06,182.9,4.975,40.95,55.8,4.975,40.95,31.7,4.975,40.95,40.2,3.975,39.15,62.5,-6999,-6999,0,-6999,-6999,0
100,2013,67,1600,13.86,1.996,35.59,61.5,.496,32.89,68,1.996,35.59,45.2,1.992,35.59,53.9,1.996,35.59,133.8,1.992,35.59,31.9,1.992,35.59,40.5,.992,33.79,62.8,-6999,-6999,0,-6999,-6999,0
100,2013,67,1700,13.89,1.496,34.69,61.2,-.004,31.99,67.9,1.496,34.69,45.2,.996,33.79,53.8,1.496,34.69,133.8,.996,33.79,31.9,1,33.8,40.3,-.004,31.99,62.6,-6999,-6999,0,-6999,-6999,0
100,2013,67,1800,13.92,.979,33.76,61.2,-.521,31.06,67.7,.979,33.76,45.2,.483,32.87,53.6,.979,33.76,133.9,.483,32.87,31.6,.979,33.76,40.2,-.521,31.06,62.3,-6999,-6999,0,-6999,-6999,0
100,2013,67,1900,13.94,-1.508,29.29,61.5,-3.008,26.59,67.9,-1.508,29.29,45.4,-1.508,29.29,53.8,-1.508,29.29,133.4,-1.508,29.29,31.8,-1.508,29.29,40.3,-3.008,26.59,62.5,-6999,-6999,0,-6999,-6999,0
100,2013,67,2000,13.99,-2.5,27.5,61.5,-4,24.8,67.9,-2.5,27.5,45.2,-2.5,27.5,53.8,-2.5,27.5,133.9,-2.5,27.5,31.8,-2.5,27.5,40.3,-4,24.8,62.5,-6999,-6999,0,-6999,-6999,0
100,2013,67,2100,14.01,-2.504,27.49,61.2,-4.004,24.79,67.9,-2.504,27.49,45.2,-2.504,27.49,53.7,-2.504,27.49,133.5,-2.504,27.49,31.7,-2.504,27.49,40.2,-4.004,24.79,62.6,-6999,-6999,0,-6999,-6999,0
100,2013,67,2200,14.03,-3.008,26.59,61.1,-4.508,23.88,68,-3.008,26.59,45.3,-3.008,26.59,53.8,-3.008,26.59,123.3,-3.008,26.59,31.9,-3.008,26.59,40.2,-4.508,23.88,62.6,-6999,-6999,0,-6999,-6999,0
100,2013,67,2300,14.06,-4.008,24.79,61.1,-5.508,22.09,68,-4.008,24.79,45.1,-4.008,24.79,53.6,-4.008,24.79,123.4,-4.008,24.79,31.6,-4.008,24.79,40.3,-5.508,22.09,62.9,-6999,-6999,0,-6999,-6999,0
100,2013,67,2400,14.08,-5,23,61.1,-6.5,20.3,67.9,-5,23,45.1,-5.004,22.99,53.8,-5.004,22.99,123.5,-5,23,31.6,-5,23,40.1,-6.5,20.3,62.4,-6999,-6999,0,-6999,-6999,0
100,2013,68,100,14.1,-5.004,22.99,61.2,-6.504,20.29,67.8,-5.004,22.99,45.1,-5.5,22.1,53.6,-5.5,22.1,121.2,-5.004,22.99,31.7,-5.004,22.99,40.2,-6.504,20.29,62.5,-6999,-6999,0,-6999,-6999,0
100,2013,68,200,14.12,-5.504,22.09,61.4,-7,19.4,67.8,-5.5,22.1,45.1,-5.504,22.09,53.8,-5.504,22.09,123.5,-5.504,22.09,31.9,-5.5,22.1,40,-7,19.39,62.7,-6999,-6999,0,-6999,-6999,0
100,2013,68,300,14.13,-5.992,21.21,61.1,-6.992,19.42,67.9,-5.492,22.12,45.1,-5.992,21.21,53.8,-5.992,21.21,123.4,-5.992,21.21,31.9,-5.492,22.12,40.1,-7.49,18.51,62.9,-6999,-6999,0,-6999,-6999,0
100,2013,68,400,14.12,-4.996,23.01,60.9,-6,21.2,67.9,-4.5,23.9,45.1,-4.996,23.01,53.6,-4.996,23.01,123.7,-4.996,23.01,31.7,-4.5,23.9,39.9,-6.496,20.31,62.8,-6999,-6999,0,-6999,-6999,0
100,2013,68,500,14.11,-4.5,23.9,60.9,-6,21.2,68.2,-4.5,23.9,45,-4.5,23.9,53.2,-4.5,23.9,55.7,-4.504,23.89,30.5,-4.5,23.9,39.9,-6,21.2,62.3,-6999,-6999,0,-6999,-6999,0
100,2013,68,600,14.1,-4.504,23.89,64.2,-6.004,21.19,70.6,-4.504,23.89,46.8,-4.504,23.89,54.1,-4.504,23.89,123.4,-5,23,26.9,-4.504,23.89,41.9,-6.004,21.19,64.7,-6999,-6999,0,-6999,-6999,0
100,2013,68,700,14.11,-5.004,22.99,65.3,-6.504,20.29,72.3,-5.004,22.99,47.8,-5.004,22.99,55.1,-5.004,22.99,123.8,-5.004,22.99,28.4,-5.004,22.99,43.2,-6.504,20.29,67,-6999,-6999,0,-6999,-6999,0
100,2013,68,800,14.12,-5.5,22.1,67.1,-6.996,19.41,74,-5.496,22.11,48.9,-5.5,22.1,56.9,-5.496,22.11,123.7,-5.5,22.1,220,-5.496,22.11,44.7,-6.996,19.41,68.8,-6999,-6999,0,-6999,-6999,0
100,2013,68,900,14.12,-5.5,22.1,69.6,-6.5,20.3,76.1,-5,23,50.9,-5.496,22.11,59.2,-5,23,63,-5.5,22.1,33.2,-5,23,46.5,-6.5,20.3,71,-6999,-6999,0,-6999,-6999,0
100,2013,68,1000,14.12,-5.5,22.1,70.9,-6.5,20.3,77.9,-5,23,52.2,-5.004,22.99,60.3,-5,23,64.8,-5.5,22.1,35.5,-5,23,48,-6.5,20.3,72.9,-6999,-6999,0,-6999,-6999,0
100,2013,68,1100,14.12,-5.5,22.1,73.2,-6.504,20.29,80.3,-5,23,54.2,-5.5,22.1,63.5,-5.004,22.99,134.1,-5.5,22.1,220,-5.004,22.99,49.6,-6.5,20.3,75.1,-6999,-6999,0,-6999,-6999,0
100,2013,68,1200,14.12,-5.5,22.1,73.2,-6.996,19.41,81.2,-5,23,52.2,-5.5,22.1,225,-5.496,22.11,134.1,-5.5,22.1,34.5,-5.496,22.11,50.3,-6.5,20.3,68.8,-6999,-6999,0,-6999,-6999,0
100,2013,68,1300,14.12,-5.496,22.11,74.4,-6.5,20.3,82.3,-5,23,56.3,-5.5,22.1,61.2,-5,23,133.6,-5.5,22.1,220,-5,23,49.5,-6.496,20.31,76.9,-6999,-6999,0,-6999,-6999,0
100,2013,68,1400,14.12,-5.004,22.99,76.4,-6.5,20.3,84,-5,23,58.3,-5.5,22.1,225,-5,23,134.1,-5.5,22.1,40.7,-5,23,51.8,-6.004,21.19,80,-6999,-6999,0,-6999,-6999,0
100,2013,68,1500,14.12,-5.5,22.1,78.2,-6.504,20.29,83.4,-5.004,22.99,230,-5.504,22.09,65.6,-5.004,22.99,133.3,-5.5,22.1,220,-5.004,22.99,52.5,-6.5,20.3,81.1,-6999,-6999,0,-6999,-6999,0
100,2013,68,1600,14.12,-5.508,22.09,69.2,-7,19.39,83.1,-5.504,22.09,60.1,-6.004,21.19,69.6,-5.504,22.09,120.2,-5.508,22.09,41.5,-5.504,22.09,54.6,-6.508,20.29,83.7,-6999,-6999,0,-6999,-6999,0
100,2013,68,1700,14.13,-6.504,20.29,79.9,-7.5,18.49,87.5,-6.004,21.19,60.2,-6.504,20.29,69.5,-6.004,21.19,124.5,-6.504,20.29,40.3,-6.004,21.19,54.7,-7.5,18.49,84.1,-6999,-6999,0,-6999,-6999,0
100,2013,68,1800,14.14,-7,19.39,79.6,-8.01,17.58,87.1,-6.508,20.29,60.1,-7,19.39,69.3,-6.508,20.29,123.6,-7,19.39,39.3,-6.508,20.29,54.6,-8.01,17.58,84.1,-6999,-6999,0,-6999,-6999,0
100,2013,68,1900,14.16,-7.51,18.48,78,-9.01,15.79,82.6,-7.51,18.48,59.9,-7.51,18.48,225,-7.51,18.48,123.6,-7.51,18.48,41.7,-7.5,18.49,54.4,-9.01,15.79,82.3,-6999,-6999,0,-6999,-6999,0
100,2013,68,2000,14.18,-8.51,16.68,78.4,-10.01,13.98,85.7,-8.5,16.69,59.6,-8.51,16.68,225,-8.51,16.68,123.7,-8.51,16.68,220,-8.01,17.58,53.8,-10.01,13.98,82.5,-6999,-6999,0,-6999,-6999,0
100,2013,68,2100,14.2,-9.52,14.87,78.7,-11.01,12.18,85.6,-9.02,15.77,59.4,-9.52,14.87,225,-9.51,14.88,72.9,-9.51,14.88,38.5,-9.02,15.77,53.9,-11.02,12.17,82.8,-6999,-6999,0,-6999,-6999,0
100,2013,68,2200,14.23,-11.52,11.27,77.8,-12.52,9.46,85.5,-11.02,12.17,59,-11.52,11.27,225,-11.02,12.16,72.8,-11.02,12.16,220,-11.02,12.17,53.7,-13.02,8.57,82.2,-6999,-6999,0,-6999,-6999,0
100,2013,68,2300,14.28,-13.51,7.68,77.9,-15.01,4.977,85.5,-13.01,8.58,58.9,-13.51,7.68,225,-13.51,7.68,72.5,-13.51,7.68,220,-13.01,8.58,53.5,-15.01,4.977,82.2,-6999,-6999,0,-6999,-6999,0
100,2013,68,2400,14.32,-14.99,5.015,77.9,-16.5,2.308,85.4,-14.5,5.908,59.1,-15,5.008,65.4,-15,5.008,72.5,-14.99,5.015,220,-14.5,5.9,53.9,-16.5,2.308,82.1,-6999,-6999,0,-6999,-6999,0
100,2013,69,100,14.36,-14,6.792,77.3,-16,3.2,85,-14,6.8,58.8,-14.5,5.9,64.6,-14.5,5.9,72.5,-14,6.792,41.1,-14.5,5.9,53.7,-16,3.2,81.6,-6999,-6999,0,-6999,-6999,0
100,2013,69,200,14.37,-14.5,5.908,77.6,-16,3.208,85,-14,6.8,59.1,-14.5,5.908,67.8,-14.5,5.908,72.4,-14.5,5.908,41.8,-14.5,5.908,52,-16,3.208,81.5,-6999,-6999,0,-6999,-6999,0
100,2013,69,300,14.39,-14,6.8,78.5,-15.5,4.1,84.9,-14,6.807,59.2,-14,6.8,68.1,-14,6.807,72.3,-14,6.807,42.2,-14,6.807,52.4,-15.5,4.108,81.4,-6999,-6999,0,-6999,-6999,0
100,2013,69,400,14.39,-14,6.807,78.4,-15.5,4.108,85.4,-13.5,7.71,59,-14,6.807,68.2,-13.5,7.7,72.8,-13.5,7.7,38.2,-13.5,7.7,53.2,-15,5,82.2,-6999,-6999,0,-6999,-6999,0
100,2013,69,500,14.39,-13.5,7.71,78.2,-15,5.008,85.3,-13,8.6,59,-13.5,7.71,65.4,-13.5,7.71,72.7,-13.5,7.71,41.5,-13.5,7.71,52.7,-15,5.008,81.7,-6999,-6999,0,-6999,-6999,0
100,2013,69,600,14.38,-13,8.6,78.2,-14.5,5.9,85.6,-13,8.6,59.3,-13,8.6,69,-13,8.6,72.7,-13,8.6,38,-13,8.6,52.7,-14.5,5.9,81.7,-6999,-6999,0,-6999,-6999,0
100,2013,69,700,14.37,-12.99,8.61,78.3,-14.49,5.915,85.1,-12.99,8.61,58.9,-13,8.61,68.7,-12.99,8.61,72.6,-12.99,8.61,40.3,-12.99,8.61,52.8,-14.49,5.915,81.5,-6999,-6999,0,-6999,-6999,0
100,2013,69,800,14.35,-11.98,10.43,78.2,-13.48,7.74,84.7,-11.98,10.43,58.8,-12.47,9.55,68.3,-11.98,10.43,72.2,-11.98,10.43,37.1,-11.98,10.43,52.4,-13.48,7.73,81.3,-6999,-6999,0,-6999,-6999,0
100,2013,69,900,14.31,-9.98,14.03,77.6,-10.98,12.23,83.7,-9.98,14.04,58.7,-9.48,14.93,64.8,-9.97,14.05,71.6,-9.98,14.03,40.4,-9.98,14.03,52.4,-11.48,11.33,81,-6999,-6999,0,-6999,-6999,0
100,2013,69,1000,14.26,-7.98,17.63,77.8,-8.98,15.84,78.9,-7.47,18.56,57.8,-7.49,18.52,66.6,-6.496,20.31,72.1,-7.98,17.64,42.4,-7.98,17.64,52.7,-9.45,15,80.1,-6999,-6999,0,-6999,-6999,0
100,2013,69,1100,14.16,-5.983,21.23,77.3,-6.487,20.32,83.9,-3.492,25.71,57.8,-5.983,21.23,181.6,-5.987,21.22,71.8,-5.492,22.12,39.7,-5.467,22.16,51.8,-3.004,26.59,80.3,-6999,-6999,0,-6999,-6999,0
100,2013,69,1200,14.1,-3.962,24.87,75.9,-4.983,23.03,84.3,-2.458,27.57,56.9,-3.971,24.85,183.9,-4.467,23.96,71.5,-4.479,23.94,41.5,-1.492,29.32,52.4,-3.45,25.79,78.8,-6999,-6999,0,-6999,-6999,0
100,2013,69,1300,14.07,.483,32.87,76.5,-2.996,26.61,83.8,2.475,36.45,57.5,-.512,31.08,183,-.508,31.09,71.3,-1.996,28.41,39.9,-.508,31.09,52.4,2.462,36.43,79.1,-6999,-6999,0,-6999,-6999,0
100,2013,69,1400,14.05,-1.5,29.3,76.5,-2.508,27.48,83.7,-.512,31.08,57.9,-2,28.4,183,-1.504,29.29,70.9,-1.5,29.3,41.4,-1.504,29.29,52.1,-2.008,28.38,79,-6999,-6999,0,-6999,-6999,0
100,2013,69,1500,14.05,-1.508,29.29,76.4,-3.504,25.69,83.8,-2.004,28.39,57.8,-2.008,28.38,183.4,-2.004,28.39,71,-1.508,29.29,41,-2.004,28.39,52.2,-3.004,26.59,78.8,-6999,-6999,0,-6999,-6999,0
100,2013,69,1600,14.05,-2.517,27.47,76.6,-4.017,24.77,83.5,-2.517,27.47,57.9,-3.012,26.58,183.3,-2.517,27.47,70.8,-2.517,27.47,41.4,-2.517,27.47,52,-3.521,25.66,79.2,-6999,-6999,0,-6999,-6999,0
100,2013,69,1700,14.07,-4.512,23.88,76.5,-6.008,21.18,83.4,-4.508,23.88,57.7,-4.512,23.88,182.7,-4.508,23.88,123.8,-4.512,23.88,41.7,-4.508,23.88,51.7,-6.008,21.18,79.4,-6999,-6999,0,-6999,-6999,0
100,2013,69,1800,14.1,-6.004,21.19,76.2,-7.01,19.39,83.6,-5.508,22.09,57.6,-6.004,21.19,182.8,-5.508,22.09,133.3,-6.004,21.19,40.9,-5.508,22.09,51.8,-7.01,19.39,78.4,-6999,-6999,0,-6999,-6999,0
100,2013,69,1900,14.13,-6.504,20.29,75.8,-8,17.6,83.4,-6.5,20.3,57.6,-6.504,20.29,182.8,-6.504,20.29,122.5,-6.504,20.29,41.1,-6.5,20.3,51.6,-8,17.6,78.4,-6999,-6999,0,-6999,-6999,0
100,2013,69,2000,14.16,-6.992,19.42,76.1,-8,17.61,83.4,-6.496,20.31,57.6,-6.992,19.42,182.1,-6.992,19.42,119.7,-6.992,19.42,37.6,-6.496,20.31,52,-8,17.61,78.2,-6999,-6999,0,-6999,-6999,0
100,2013,69,2100,14.16,-6,21.2,76.1,-7.5,18.5,83.3,-6,21.2,57.4,-6,21.2,182.1,-6,21.2,123.8,-6,21.2,41.6,-5.996,21.21,51.6,-7.5,18.51,78.1,-6999,-6999,0,-6999,-6999,0
100,2013,69,2200,14.16,-6.008,21.18,75.8,-7.5,18.49,83.1,-6.004,21.19,57.3,-6.008,21.18,182.1,-6.008,21.18,70.4,-6.008,21.18,42.2,-5.508,22.09,51.5,-7.01,19.39,78.2,-6999,-6999,0,-6999,-6999,0
100,2013,69,2300,14.17,-7,19.4,75.8,-8,17.59,83,-6.504,20.29,57.1,-7,19.4,181.8,-7,19.4,122.5,-7,19.4,41.6,-6.5,20.3,51.6,-8,17.6,78.2,-6999,-6999,0,-6999,-6999,0
100,2013,69,2400,14.18,-6.996,19.41,75.6,-8.5,16.71,82.6,-6.996,19.41,57.3,-7,19.4,181.8,-6.996,19.41,122.5,-6.996,19.41,40.4,-6.5,20.3,51.1,-8,17.6,78.1,-6999,-6999,0,-6999,-6999,0
100,2013,70,100,14.18,-6.504,20.29,75.5,-8,17.6,82.4,-6.5,20.3,57.1,-7,19.4,181.8,-6.504,20.29,119.7,-6.504,20.29,40.1,-6.5,20.3,50.9,-8,17.59,78.3,-6999,-6999,0,-6999,-6999,0
100,2013,70,200,14.18,-7,19.4,75.5,-8,17.59,82.7,-6.504,20.29,57.1,-7,19.39,66.4,-7,19.4,121.2,-7,19.4,40.1,-6.504,20.29,51.1,-8.5,16.7,78.2,-6999,-6999,0,-6999,-6999,0
100,2013,70,300,14.19,-7,19.39,75.6,-8.5,16.69,82.9,-7,19.39,57.3,-7.5,18.5,66.4,-7,19.39,120.8,-7,19.39,40.9,-7,19.4,50.9,-8.5,16.7,78.2,-6999,-6999,0,-6999,-6999,0
100,2013,70,400,14.19,-7.5,18.5,75.6,-9,15.8,82.5,-7.5,18.5,57.1,-7.5,18.5,66.4,-7.5,18.5,123.1,-7.5,18.5,40.7,-7,19.39,50.9,-8.5,16.69,78.3,-6999,-6999,0,-6999,-6999,0
100,2013,70,500,14.2,-7.5,18.5,75.6,-9,15.8,82.5,-7.5,18.5,57,-7.5,18.5,66.1,-7.5,18.5,121.3,-7.5,18.5,40.6,-7.5,18.51,50.8,-9,15.8,77.9,-6999,-6999,0,-6999,-6999,0
100,2013,70,600,14.2,-7.5,18.5,75.6,-9,15.8,82.2,-7.5,18.5,56.8,-7.5,18.5,66.1,-7.5,18.5,122.6,-7.5,18.5,40.6,-7,19.4,49.4,-9,15.8,77.9,-6999,-6999,0,-6999,-6999,0
100,2013,70,700,14.2,-7.5,18.49,75.3,-9,15.79,82,-7.5,18.49,56.8,-7.5,18.49,65.9,-7.5,18.49,69.1,-7.5,18.49,40,-7.01,19.39,49.5,-9,15.79,78.1,-6999,-6999,0,-6999,-6999,0
100,2013,70,800,14.21,-7.99,17.61,75.5,-9.49,14.92,82,-7.99,17.61,57,-7.99,17.61,65.9,-7.99,17.61,68.9,-7.99,17.61,39.6,-7.99,17.61,50.2,-9.49,14.92,77.7,-6999,-6999,0,-6999,-6999,0
100,2013,70,900,14.19,-6.992,19.42,74.7,-8.49,16.72,82,-6.987,19.42,56.6,-6.992,19.42,182.7,-6.987,19.42,68.7,-6.992,19.42,39.9,-6.992,19.42,50.2,-8,17.61,77.6,-6999,-6999,0,-6999,-6999,0
100,2013,70,1000,14.17,-5.987,21.22,74.7,-6.987,19.42,81.7,-5.483,22.13,56.5,-5.987,21.22,183.6,-5.492,22.12,123.7,-5.987,21.22,40.1,-5.987,21.22,50.5,-7.47,18.54,76.5,-6999,-6999,0,-6999,-6999,0
100,2013,70,1100,14.12,-4.487,23.92,74.2,-5.487,22.12,81.5,-3.487,25.72,56.1,-4.487,23.92,184.8,-4.487,23.92,123.3,-4.487,23.92,40.5,-4.479,23.94,49.9,-4.492,23.91,77,-6999,-6999,0,-6999,-6999,0
100,2013,70,1200,14.08,-2.996,26.61,74.4,-4,24.8,81.3,-2,28.4,55.8,-2.996,26.61,184.7,-2.996,26.61,68.5,-3,26.6,39.3,-2.004,28.39,50,-3.496,25.71,76.8,-6999,-6999,0,-6999,-6999,0
100,2013,70,1300,14.06,-2.504,27.49,74.5,-4,24.8,81.1,-2.004,28.39,56.1,-2.504,27.49,184.5,-2.5,27.5,123.2,-3,26.6,34.9,-2.504,27.49,50,-3.008,26.59,76.6,-6999,-6999,0,-6999,-6999,0
100,2013,70,1400,14.05,-3,26.6,75.1,-4,24.8,81.6,-2.5,27.5,56.4,-3,26.6,184.5,-2.5,27.5,68.2,-2.996,26.61,41,-3,26.6,50.2,-4,24.8,77.1,-6999,-6999,0,-6999,-6999,0
100,2013,70,1500,14.05,-3.004,26.59,74.7,-4.004,24.79,81.5,-2.508,27.48,56.8,-3.004,26.59,183.8,-2.508,27.48,68.3,-2.508,27.48,220,-3.004,26.59,49.9,-4.004,24.79,77.3,-6999,-6999,0,-6999,-6999,0
100,2013,70,1600,14.06,-3.504,25.69,74.6,-4.508,23.88,81.6,-3.504,25.69,56.7,-3.504,25.69,183.9,-3.504,25.69,123.3,-3.504,25.69,32.7,-3.504,25.69,49.6,-4.508,23.88,77.1,-6999,-6999,0,-6999,-6999,0
100,2013,70,1700,14.07,-4,24.8,74.6,-5.5,22.1,81.6,-4,24.8,56.5,-4,24.8,183.6,-4,24.8,122.4,-4,24.8,34.8,-4,24.8,47.5,-5.496,22.11,76.9,-6999,-6999,0,-6999,-6999,0
100,2013,70,1800,14.08,-4.004,24.79,74.7,-5.504,22.09,81.5,-4.004,24.79,56.7,-4.004,24.79,183.6,-4.004,24.79,123.7,-4.004,24.79,39.4,-4.004,24.79,50.1,-5.004,22.99,77.1,-6999,-6999,0,-6999,-6999,0
100,2013,70,1900,14.09,-4.504,23.89,74.9,-6.004,21.19,81.2,-4.504,23.89,56.5,-4.504,23.89,183.3,-4.504,23.89,68.6,-4.504,23.89,38.7,-4.504,23.89,50.3,-5.508,22.09,77.3,-6999,-6999,0,-6999,-6999,0
100,2013,70,2000,14.1,-5.004,22.99,75.3,-6.504,20.29,82.1,-5.004,22.99,57.3,-5.004,22.99,182.7,-5.004,22.99,123.8,-5.004,22.99,38.9,-5,23,50.8,-6.5,20.3,77.8,-6999,-6999,0,-6999,-6999,0
100,2013,70,2100,14.11,-5.5,22.1,76.9,-7,19.4,83.4,-5.5,22.1,58.8,-5.5,22.1,182.7,-5.5,22.1,123.5,-5.5,22.1,220,-5.004,22.99,52.1,-6.504,20.29,78.5,-6999,-6999,0,-6999,-6999,0
100,2013,70,2200,14.12,-5.504,22.09,77,-7,19.39,80,-5.504,22.09,58.9,-5.504,22.09,182.1,-5.504,22.09,123.8,-5.504,22.09,220,-5.504,22.09,52.5,-7,19.39,78.6,-6999,-6999,0,-6999,-6999,0
100,2013,70,2300,14.13,-6.004,21.19,80.5,-7.5,18.49,86.8,-6.004,21.19,61.7,-6.004,21.19,182.1,-6.004,21.19,123.8,-6.004,21.19,42.4,-6.004,21.19,54.4,-7.5,18.5,83.7,-6999,-6999,0,-6999,-6999,0
100,2013,70,2400,14.14,-6.5,20.3,81.3,-8,17.6,88.3,-6.5,20.3,62.9,-6.5,20.3,69.9,-6.5,20.3,123.8,-6.5,20.3,43.5,-6.5,20.3,55.6,-7.5,18.49,84.1,-6999,-6999,0,-6999,-6999,0
100,2013,71,100,14.14,-6.504,20.29,80.9,-8,17.59,87.9,-6.504,20.29,62.7,-6.504,20.29,70.1,-6.504,20.29,123.9,-6.504,20.29,220,-6.504,20.29,56.1,-8,17.59,84.2,-6999,-6999,0,-6999,-6999,0
100,2013,71,200,14.15,-7,19.4,81.9,-8.5,16.7,89.1,-7,19.4,63.5,-7,19.4,182.1,-7,19.4,123.9,-7,19.4,44.2,-6.996,19.41,56.7,-8.5,16.71,84.4,-6999,-6999,0,-6999,-6999,0
100,2013,71,300,14.16,-7,19.39,81.1,-8.5,16.69,87.9,-7,19.39,62.8,-7,19.39,182.8,-7,19.4,133.7,-7,19.39,43.2,-6.508,20.29,170,-8.01,17.58,81.8,-6999,-6999,0,-6999,-6999,0
100,2013,71,400,14.16,-7.5,18.5,84.8,-9,15.81,90,-7.5,18.51,64.3,-7.5,18.5,68.7,-7,19.39,123.9,-7.5,18.51,46.1,-7.5,18.51,58.3,-9,15.81,88,-6999,-6999,0,-6999,-6999,0
100,2013,71,500,14.17,-7.49,18.51,85.4,-8.49,16.71,88,-6.992,19.42,65.5,-7.49,18.51,74.5,-7.49,18.51,123.8,-6.996,19.41,220,-6.992,19.42,59.2,-8.49,16.71,88.4,-6999,-6999,0,-6999,-6999,0
100,2013,71,600,14.17,-6.504,20.29,85,-7.51,18.48,89.2,-6.008,21.18,65.1,-6.504,20.29,181.8,-6.504,20.29,124.5,-6.504,20.29,220,-6.004,21.19,58.8,-7.5,18.49,220,-6999,-6999,0,-6999,-6999,0
100,2013,71,700,14.16,-6.996,19.41,85.4,-8.5,16.71,81.6,-6.996,19.41,65.9,-6.996,19.41,74.6,-6.996,19.41,125.3,-6.996,19.41,44.7,-6.5,20.3,59.5,-8,17.6,88.8,-6999,-6999,0,-6999,-6999,0
100,2013,71,800,14.16,-6.496,20.31,74.7,-8,17.61,91.9,-6.496,20.31,66.7,-6.496,20.31,181.7,-6.496,20.31,79.8,-6.496,20.31,44,-6.496,20.31,59.4,-7.99,17.61,88.6,-6999,-6999,0,-6999,-6999,0
100,2013,71,900,14.16,-5.992,21.21,85.8,-7.49,18.51,91.7,-5.992,21.21,67,-5.992,21.21,182,-5.992,21.21,133.6,-5.992,21.21,46.3,-5.992,21.21,60,-6.992,19.42,88.3,-6999,-6999,0,-6999,-6999,0
100,2013,71,1000,14.13,-4.992,23.01,85.9,-6.487,20.32,92.4,-4.987,23.02,66.9,-4.992,23.01,181.8,-4.992,23.01,80,-4.992,23.01,220,-4.992,23.01,59.8,-5.983,21.23,89.2,-6999,-6999,0,-6999,-6999,0
100,2013,71,1100,14.08,-3.992,24.82,85.6,-4.996,23.01,92,-3.492,25.71,66.1,-3.996,24.81,184.1,-3.992,24.82,133.5,-3.992,24.82,220,-3.987,24.82,59.6,-3.996,24.81,89,-6999,-6999,0,-6999,-6999,0
100,2013,71,1200,14.06,-2.992,26.62,85.5,-4.496,23.91,92.1,-2.492,27.51,66.3,-3.492,25.71,184.4,-2.992,26.62,133.4,-3,26.6,45.4,-2.5,27.5,59.8,-3.492,25.71,88.8,-6999,-6999,0,-6999,-6999,0
100,2013,71,1300,14.04,-2.004,28.39,85,-4,24.8,91.2,-1.508,29.29,66.2,-2.5,27.5,184.1,-2.004,28.39,133.4,-2.996,26.61,47.4,-2.5,27.5,59.5,-2.508,27.48,89,-6999,-6999,0,-6999,-6999,0
100,2013,71,1400,14.04,-2.496,27.51,84.8,-3.996,24.81,91.7,-2.496,27.51,66.1,-2.5,27.5,183.7,-2.496,27.51,133.4,-2.5,27.5,220,-2.496,27.51,59.4,-3.496,25.71,87.7,-6999,-6999,0,-6999,-6999,0
100,2013,71,1500,14.04,-2,28.4,84.8,-3.504,25.69,91.6,-2,28.4,66.1,-2.5,27.5,183.7,-2.004,28.39,78.7,-2.5,27.5,220,-2,28.4,59.4,-3.004,26.59,87.7,-6999,-6999,0,-6999,-6999,0
100,2013,71,1600,14.04,-2.008,28.38,84.8,-4.004,24.79,91.3,-2.008,28.38,65.9,-2.504,27.49,183.7,-2.504,27.49,78.8,-2.504,27.49,220,-2.004,28.39,59.3,-3.504,25.69,87.9,-6999,-6999,0,-6999,-6999,0
100,2013,71,1700,14.04,-3,26.6,84.3,-4.5,23.9,91,-3,26.6,65.7,-3,26.6,183.4,-3,26.6,133.5,-3,26.6,46.9,-2.5,27.5,59,-4,24.8,87.6,-6999,-6999,0,-6999,-6999,0
100,2013,71,1800,14.05,-3.004,26.59,84.5,-4.504,23.89,90.6,-3.004,26.59,65.2,-3.004,26.59,183.1,-3.004,26.59,133.5,-3.004,26.59,46.8,-2.504,27.49,58.9,-4.004,24.79,87.7,-6999,-6999,0,-6999,-6999,0
100,2013,71,1900,14.06,-3.5,25.7,84,-5,23,90.5,-3.5,25.7,65.4,-3.5,25.7,182.5,-3.5,25.7,77.9,-3.5,25.7,46.3,-3,26.6,58.7,-4.5,23.9,87,-6999,-6999,0,-6999,-6999,0
100,2013,71,2000,14.07,-3.496,25.71,83.8,-4.996,23.01,90.3,-3.496,25.71,65.4,-3.496,25.71,182.4,-3.496,25.71,77.8,-3.496,25.71,42.6,-3,26.6,58.6,-4.5,23.9,87,-6999,-6999,0,-6999,-6999,0
100,2013,71,2100,14.08,-3.004,26.59,83.6,-4.504,23.89,90.1,-3.004,26.59,65,-3.004,26.59,181.7,-3.004,26.59,77.5,-3.004,26.59,45.8,-3.004,26.59,58.3,-4.504,23.89,87.2,-6999,-6999,0,-6999,-6999,0
100,2013,71,2200,14.08,-3.5,25.7,83.1,-5,23,89.8,-3.5,25.7,65,-3.5,25.7,181.7,-3.5,25.7,77.5,-3.5,25.7,47.3,-3.5,25.7,58.2,-5,23,86.2,-6999,-6999,0,-6999,-6999,0
100,2013,71,2300,14.08,-3.496,25.71,83.5,-4.996,23.01,89.7,-3.496,25.71,64.7,-3.496,25.71,181.4,-3.496,25.71,77,-3.496,25.71,42.5,-3.5,25.7,58.2,-4.996,23.01,85.7,-6999,-6999,0,-6999,-6999,0
100,2013,71,2400,14.08,-3,26.6,83,-4.5,23.9,89.5,-3,26.6,64.5,-3.004,26.59,181.7,-3.004,26.59,77.1,-3,26.6,42,-3.5,25.7,58,-4.5,23.9,85.7,-6999,-6999,0,-6999,-6999,0
100,2013,72,100,14.08,-3,26.6,83,-4.5,23.9,89.2,-3,26.6,64.4,-3.496,25.71,181.4,-3.496,25.71,77,-3,26.6,42.1,-3.496,25.71,57.7,-4.5,23.9,85.7,-6999,-6999,0,-6999,-6999,0
100,2013,72,200,14.08,-3,26.6,83,-4.5,23.9,89.2,-3,26.6,64.2,-3,26.6,180.6,-3,26.6,76.5,-3,26.6,45.8,-2.996,26.61,57.6,-4.5,23.9,85.7,-6999,-6999,0,-6999,-6999,0
100,2013,72,300,14.08,-2.996,26.61,82.3,-4.5,23.9,89.2,-3,26.6,64.2,-3,26.6,180.6,-3,26.6,76.5,-3,26.6,48.9,-2.5,27.5,57.3,-4.496,23.91,85.4,-6999,-6999,0,-6999,-6999,0
100,2013,72,400,14.08,-2.5,27.5,82.3,-4.496,23.91,88.9,-2.996,26.61,63.9,-3,26.6,180.6,-2.996,26.61,76.4,-2.996,26.61,48.6,-2.5,27.5,57.3,-4,24.8,85.4,-6999,-6999,0,-6999,-6999,0
100,2013,72,500,14.07,-2.5,27.5,82.3,-4,24.8,88.5,-2.5,27.5,63.5,-3,26.6,181.3,-2.504,27.49,76,-2.504,27.49,48.9,-2.5,27.5,57.2,-4,24.8,85.4,-6999,-6999,0,-6999,-6999,0
100,2013,72,600,14.07,-2.504,27.49,82,-4.004,24.79,88.7,-2.504,27.49,63.7,-3,26.6,181.6,-3,26.6,75.6,-3,26.6,48.7,-2.5,27.5,57,-4,24.8,84.9,-6999,-6999,0,-6999,-6999,0
100,2013,72,700,14.07,-2.996,26.61,81.8,-4.496,23.91,88.3,-2.996,26.61,63.5,-2.996,26.61,181.8,-2.996,26.61,133.4,-2.996,26.61,48.9,-2.5,27.5,57,-4,24.8,84.9,-6999,-6999,0,-6999,-6999,0
100,2013,72,800,14.06,-2.487,27.52,81.9,-3.983,24.83,88,-2.487,27.52,63.4,-2.492,27.51,181.2,-2.492,27.51,75.4,-2.492,27.51,48.8,-2.487,27.52,56.9,-3.987,24.82,85,-6999,-6999,0,-6999,-6999,0
100,2013,72,900,14.04,-.987,30.22,81.5,-1.987,28.42,87.8,-.979,30.24,63,-1.479,29.34,183.1,-1.471,29.35,75.2,-1.483,29.33,48.5,-.987,30.22,56.7,-2.483,27.53,84.5,-6999,-6999,0,-6999,-6999,0
100,2013,72,1000,14,.508,32.91,81.2,-.483,31.13,87.2,1.517,34.73,62.2,1.004,33.81,183.1,2,35.6,75.2,.512,32.92,48.4,.512,32.92,56.4,-.471,31.15,83.6,-6999,-6999,0,-6999,-6999,0
100,2013,72,1100,13.96,1.508,34.71,80.9,1.5,34.7,87.4,3.504,38.31,61.9,1.512,34.72,184.7,2.008,35.62,74.7,2.008,35.62,220,2.012,35.62,56.2,3,37.4,83.6,-6999,-6999,0,-6999,-6999,0
100,2013,72,1200,13.94,2.496,36.49,81.1,1.496,34.69,87.2,3.983,39.17,62,2.992,37.38,183.4,2.992,37.38,74.9,2.992,37.38,40.5,3.487,38.28,56.1,2.983,37.37,83.6,-6999,-6999,0,-6999,-6999,0
100,2013,72,1300,13.94,2,35.6,81.1,.996,33.79,87.1,1.996,35.59,62,1.996,35.59,183.4,2,35.6,74.2,2,35.6,45.4,2,35.6,56.1,.996,33.79,83.7,-6999,-6999,0,-6999,-6999,0
100,2013,72,1400,13.92,2.021,35.64,80.3,.521,32.94,86.8,1.525,34.74,61.6,1.525,34.74,184.2,2.025,35.65,74.4,2.021,35.64,170.4,2.021,35.64,55.9,.525,32.94,83,-6999,-6999,0,-6999,-6999,0
100,2013,72,1500,13.92,4.496,40.09,80,2.996,37.39,86.8,4.492,40.09,61.4,4.492,40.09,183.7,4.992,40.99,73.9,4.496,40.09,46.3,4.496,40.09,55.6,3.492,38.29,82.1,-6999,-6999,0,-6999,-6999,0
100,2013,72,1600,13.9,3.992,39.18,79.9,2.492,36.49,86.6,3.496,38.29,61.1,3.496,38.29,183.3,3.992,39.18,73.7,3.992,39.18,46.6,3.992,39.18,55.5,2.492,36.49,82.1,-6999,-6999,0,-6999,-6999,0
100,2013,72,1700,13.9,2.992,37.38,79.8,1.496,34.69,86.2,2.992,37.38,60.7,2.992,37.38,183.1,2.992,37.38,73.4,2.992,37.38,45.4,2.992,37.38,55.3,1.496,34.69,81.8,-6999,-6999,0,-6999,-6999,0
100,2013,72,1800,13.92,1.987,35.58,79.7,.983,33.77,86.1,1.987,35.58,60.7,1.987,35.58,182.8,1.987,35.58,73.6,1.987,35.58,45.9,1.987,35.58,55.2,.983,33.77,82.3,-6999,-6999,0,-6999,-6999,0
100,2013,72,1900,13.94,.496,32.89,79.3,-1,30.2,86.1,.5,32.9,60.7,.496,32.89,182.2,.496,32.89,73.4,.496,32.89,45,.5,32.9,55.1,-1,30.2,82,-6999,-6999,0,-6999,-6999,0
100,2013,72,2000,13.95,.012,32.02,79.4,-.992,30.21,86.1,.508,32.91,60.7,.008,32.01,182.8,.012,32.02,133.3,.008,32.01,43.9,.508,32.91,55,-.992,30.21,82.1,-6999,-6999,0,-6999,-6999,0
100,2013,72,2100,13.95,1.5,34.7,79.4,-.004,31.99,85.9,1.5,34.7,60.4,1,33.8,182.8,1.496,34.69,133.3,1,33.8,43.2,1.5,34.7,55,0,32,82.1,-6999,-6999,0,-6999,-6999,0
100,2013,72,2200,13.95,1.492,34.68,79.2,-.504,31.09,85.8,1.492,34.68,60.7,.996,33.79,182.8,.996,33.79,133.3,.996,33.79,44,1.492,34.68,54.9,-.004,31.99,81.9,-6999,-6999,0,-6999,-6999,0
100,2013,72,2300,13.95,.5,32.9,79.2,-1,30.2,85.5,.5,32.9,60.5,.5,32.9,182.2,.5,32.9,133.3,.5,32.9,42.7,.5,32.9,54.7,-.504,31.09,82,-6999,-6999,0,-6999,-6999,0
100,2013,72,2400,13.96,.5,32.9,78.8,-1,30.2,85.5,.5,32.9,60.3,.5,32.9,181,.496,32.89,133.3,.5,32.9,42,.5,32.9,54.6,-1,30.2,82,-6999,-6999,0,-6999,-6999,0
100,2013,73,100,13.96,.5,32.9,78.8,-.996,30.21,85.2,.5,32.9,60.2,.5,32.9,67.9,.004,32.01,72.8,.5,32.9,42.2,.5,32.9,54.6,-.996,30.21,80.4,-6999,-6999,0,-6999,-6999,0
100,2013,73,200,13.96,.504,32.91,78.7,-.5,31.1,85,.5,32.9,60.2,.5,32.9,180.4,.5,32.9,72.8,.5,32.9,44.5,.504,32.91,54.3,-.5,31.1,80.7,-6999,-6999,0,-6999,-6999,0
100,2013,73,300,13.96,1,33.8,78.7,-.5,31.1,84.9,.5,32.9,60,.5,32.9,181.2,.5,32.9,72.3,.5,32.9,45.2,1,33.8,54.3,-.5,31.1,80.4,-6999,-6999,0,-6999,-6999,0
100,2013,73,400,13.96,.996,33.79,78.4,-.504,31.09,85,.5,32.9,60,.5,32.9,68.4,.5,32.9,72.3,.5,32.9,45.7,.996,33.79,54.2,-.504,31.09,80.5,-6999,-6999,0,-6999,-6999,0
100,2013,73,500,13.96,.5,32.9,78.4,-1,30.2,85,.5,32.9,60,.5,32.9,181,.5,32.9,72.3,.5,32.9,45.2,.5,32.9,54.1,-1,30.2,80.5,-6999,-6999,0,-6999,-6999,0
100,2013,73,600,13.97,.504,32.91,78.2,-.996,30.21,84.5,.504,32.91,59.9,.5,32.9,181,.5,32.9,132.3,.504,32.91,45,.504,32.91,53.8,-.996,30.21,80.4,-6999,-6999,0,-6999,-6999,0
100,2013,73,700,13.97,1.008,33.82,78.4,-.492,31.12,84.6,1.008,33.82,59.6,.512,32.92,181.3,.512,32.92,133,1.008,33.82,45.2,1.008,33.82,53.9,-.492,31.12,80.1,-6999,-6999,0,-6999,-6999,0
100,2013,73,800,13.94,2.008,35.62,78.1,.512,32.92,84.4,2.008,35.62,59.9,2.008,35.62,183,2.008,35.62,132.4,2.008,35.62,44.9,2.008,35.62,53.5,.512,32.92,79.7,-6999,-6999,0,-6999,-6999,0
100,2013,73,900,13.92,3.012,37.42,77.7,2.012,35.62,84.3,3.017,37.43,59.6,3.017,37.43,183.7,3.017,37.43,71.6,3.012,37.42,45.3,3.012,37.42,53.4,2.012,35.62,79.7,-6999,-6999,0,-6999,-6999,0
100,2013,73,1000,13.88,4.521,40.14,77.8,3.525,38.35,83.8,5.029,41.05,59,5.017,41.03,183.2,5.017,41.03,71.8,4.529,40.15,45,4.521,40.14,53.3,3.542,38.38,79.6,-6999,-6999,0,-6999,-6999,0
100,2013,73,1100,13.82,7.01,44.62,77.1,6.504,43.71,83.6,8.51,47.32,57.5,7.01,44.62,183.4,7,44.61,71.2,8,46.4,45.1,7.02,44.64,52.1,8.5,47.3,78.4,-6999,-6999,0,-6999,-6999,0
100,2013,73,1200,13.81,8.02,46.44,74.7,7,44.61,83,10.02,50.03,55.1,8.02,46.43,183.7,7.52,45.53,70.3,8.01,46.41,45.2,9.5,49.09,51.2,8.52,47.33,77.2,-6999,-6999,0,-6999,-6999,0
100,2013,73,1300,13.8,10.97,51.75,74.6,7.5,45.49,82.7,11.97,53.55,55.6,9.98,49.97,182.9,9.49,49.08,69.3,8.99,48.19,42.8,8.99,48.19,51.1,10.47,50.85,76.7,-6999,-6999,0,-6999,-6999,0
100,2013,73,1400,13.8,7.98,46.36,74,6.979,44.56,82.4,8.48,47.26,55.1,7.98,46.36,183.1,7.98,46.36,69.2,7.98,46.36,42.2,7.98,46.36,51.2,6.979,44.56,76.8,-6999,-6999,0,-6999,-6999,0
100,2013,73,1500,13.82,5.5,41.9,74,4.496,40.09,82.4,5.996,42.79,55.1,5.496,41.89,183.2,5.496,41.89,68.7,5.5,41.9,42.1,5.496,41.89,50.8,4.496,40.09,76.5,-6999,-6999,0,-6999,-6999,0
100,2013,73,1600,13.84,5.504,41.91,72.9,4.004,39.21,82,5.504,41.91,55.1,5.008,41.01,183.1,5.004,41.01,68.7,5.504,41.91,42.1,5.008,41.01,49.7,4.004,39.21,76.4,-6999,-6999,0,-6999,-6999,0
100,2013,73,1700,13.84,5.987,42.78,72.9,4.487,40.08,81.9,5.987,42.78,55,5.987,42.78,182.7,5.487,41.88,68.6,5.987,42.78,41.9,5.987,42.78,49.5,4.492,40.09,75.5,-6999,-6999,0,-6999,-6999,0
100,2013,73,1800,13.86,4.492,40.09,72.6,2.992,37.38,81.6,4.492,40.09,54.9,4.492,40.09,183.3,3.992,39.18,68.2,4.492,40.09,41.7,4.487,40.08,49.5,3.487,38.28,75.5,-6999,-6999,0,-6999,-6999,0
100,2013,73,1900,13.88,3.479,38.26,72.5,1.979,35.56,81.9,3.479,38.26,54.9,3.479,38.26,181.3,2.983,37.37,133.3,3.479,38.26,41.9,2.983,37.37,49.5,1.979,35.56,75.7,-6999,-6999,0,-6999,-6999,0
100,2013,73,2000,13.9,1.008,33.82,73,-.492,31.12,82.3,1.008,33.82,55.4,1.008,33.82,63.4,1.008,33.82,133.3,1.012,33.82,42.4,1.004,33.81,49.7,-.496,31.11,76.1,-6999,-6999,0,-6999,-6999,0
100,2013,73,2100,13.93,1.996,35.59,72.8,.492,32.88,82.1,1.992,35.59,55.3,1.992,35.59,63.7,1.987,35.58,133.8,2.487,36.48,41.9,1.496,34.69,49.5,0,32,75.6,-6999,-6999,0,-6999,-6999,0
100,2013,73,2200,13.94,1.512,34.72,72.7,-.483,31.13,81.7,1.017,33.83,54.7,1.017,33.83,182.6,.521,32.94,68.2,1.017,33.83,41.9,1.017,33.83,49.2,.012,32.02,75.2,-6999,-6999,0,-6999,-6999,0
100,2013,73,2300,13.92,2.992,37.38,72.2,1.492,34.68,81.3,2.992,37.38,54.6,2.987,37.38,183.1,2.987,37.38,67.8,2.992,37.38,41.5,2.987,37.38,49.7,1.492,34.68,75.4,-6999,-6999,0,-6999,-6999,0
100,2013,73,2400,13.92,1.987,35.58,72.1,.487,32.88,81.4,1.987,35.58,54.5,1.492,34.68,181.4,1.492,34.68,133.3,1.987,35.58,41.5,1.496,34.69,49.3,.492,32.88,75.7,-6999,-6999,0,-6999,-6999,0
100,2013,74,100,13.94,.492,32.88,72.1,-1.008,30.18,81.3,.492,32.88,54.5,.492,32.88,181.1,.487,32.88,133.9,.492,32.88,41.4,.987,33.78,49.3,-.512,31.08,74.8,-6999,-6999,0,-6999,-6999,0
100,2013,74,200,13.96,-.504,31.09,72.3,-2.004,28.39,81.3,-.504,31.09,54.5,-.504,31.09,181.2,-1,30.2,133.9,-.496,31.11,41,-.504,31.09,49.2,-2.004,28.39,74.5,-6999,-6999,0,-6999,-6999,0
100,2013,74,300,13.98,-.996,30.21,72.4,-2.492,27.51,81.5,-.992,30.21,54.8,-.996,30.21,180.5,-.996,30.21,133.9,-.004,31.99,41.7,-.996,30.21,49.8,-2.492,27.51,75.7,-6999,-6999,0,-6999,-6999,0
100,2013,74,400,13.98,-.496,31.11,72.3,-1.5,29.3,81.2,0,32,54.5,-.496,31.11,62.8,-.496,31.11,133.8,-.492,31.12,41,-.496,31.11,49,-1.5,29.3,74.3,-6999,-6999,0,-6999,-6999,0
100,2013,74,500,13.97,.017,32.03,72.2,-1.483,29.33,81.3,.017,32.03,54.9,.017,32.03,180.9,.017,32.03,67.7,.512,32.92,41.4,.008,32.01,49.1,-1.487,29.32,75.3,-6999,-6999,0,-6999,-6999,0
100,2013,74,600,13.96,1.979,35.56,72.1,.479,32.86,81,1.979,35.56,54.4,1.979,35.56,62.8,1.979,35.56,133.4,1.975,35.56,41.4,.987,33.78,49.1,-.017,31.97,74.4,-6999,-6999,0,-6999,-6999,0
100,2013,74,700,13.96,-.487,31.12,72,-1.987,28.42,81.2,-.492,31.12,54.7,-.487,31.12,63.4,-.492,31.12,133.8,-.983,30.23,41.6,-.492,31.12,49.1,-1.992,28.41,74.2,-6999,-6999,0,-6999,-6999,0
100,2013,74,800,13.94,1.025,33.85,72.1,-.475,31.15,80.8,.529,32.95,54.2,1.025,33.85,183.2,.529,32.95,67.4,1.025,33.85,41.3,.525,32.94,49.1,-.971,30.25,74.6,-6999,-6999,0,-6999,-6999,0
100,2013,74,900,13.9,4.017,39.23,71.8,2.521,36.54,80.7,4.029,39.25,53.8,4.021,39.24,183,4.021,39.24,67,4.021,39.24,41,3.525,38.35,49.1,2.521,36.54,74.8,-6999,-6999,0,-6999,-6999,0
100,2013,74,1000,13.87,6.004,42.81,71.7,5.004,41.01,80.4,7.5,45.49,54.1,6.5,43.7,182.6,6.5,43.7,67,6.5,43.7,41,6.5,43.7,49.1,5.008,41.01,74.5,-6999,-6999,0,-6999,-6999,0
100,2013,74,1100,13.83,6.512,43.72,71.9,5.512,41.92,80.5,7.02,44.63,53.6,6.512,43.72,183.1,6.512,43.72,66.9,6.512,43.72,39.9,6.521,43.74,48.5,6.017,42.83,73.5,-6999,-6999,0,-6999,-6999,0
100,2013,74,1200,13.8,8.02,46.43,70.6,7,44.61,80,9.02,48.24,52.7,8.01,46.42,183.7,8.01,46.42,66.6,8.01,46.41,40.1,9,48.2,47.5,8.02,46.43,72.9,-6999,-6999,0,-6999,-6999,0
100,2013,74,1300,13.79,10,49.99,69.9,7.51,45.51,79.1,11.48,52.67,52.8,9.5,49.09,183.1,9.5,49.09,65.7,9,48.21,38.8,9,48.2,47.3,9.98,49.97,73.1,-6999,-6999,0,-6999,-6999,0
100,2013,74,1400,13.78,9.5,49.09,69.2,8.49,47.28,78.8,9.49,49.09,52.3,9,48.19,182.9,9,48.2,65.2,9.5,49.09,38.4,9,48.19,47.3,8,46.39,71.7,-6999,-6999,0,-6999,-6999,0
100,2013,74,1500,13.78,9,48.19,69.9,7.5,45.49,79,8.5,47.3,51.8,8.5,47.29,182.1,8.99,48.19,65,8.99,48.19,38.4,8.49,47.28,46.7,7.49,45.49,71.5,-6999,-6999,0,-6999,-6999,0
100,2013,74,1600,13.79,8.49,47.28,69.2,6.992,44.59,78.8,8.49,47.28,50.6,7.99,46.38,59.9,7.99,46.38,65.2,7.99,46.38,37.9,7.5,45.49,45.9,6.496,43.69,70.2,-6999,-6999,0,-6999,-6999,0
100,2013,74,1700,13.8,7.49,45.48,69.2,5.987,42.78,78.9,7.49,45.48,50.9,6.992,44.59,182.3,6.496,43.69,64.9,6.992,44.59,37.4,6.992,44.59,46.2,5.987,42.78,70.6,-6999,-6999,0,-6999,-6999,0
100,2013,74,1800,13.83,5.987,42.78,68.6,4.487,40.08,78.3,5.987,42.78,51.1,5.987,42.78,183.2,5.983,42.77,64.7,5.987,42.78,37.6,5.987,42.78,45.9,4.487,40.08,70.6,-6999,-6999,0,-6999,-6999,0
100,2013,74,1900,13.86,4.496,40.09,68.8,2.996,37.39,78.4,4.496,40.09,51.6,4.496,40.09,183.2,4,39.2,64.7,4.496,40.09,37.4,4.496,40.09,45.6,2.996,37.39,70.8,-6999,-6999,0,-6999,-6999,0
100,2013,74,2000,13.88,3.996,39.19,68.9,2.496,36.49,78.4,3.996,39.19,51.6,3.996,39.19,183.7,3.996,39.19,64.8,3.996,39.19,37.1,3.996,39.19,45.6,2.5,36.5,70.8,-6999,-6999,0,-6999,-6999,0
100,2013,74,2100,13.88,3.5,38.3,68.6,2,35.6,78.2,3.5,38.3,51.1,3.5,38.3,183.3,3.5,38.3,64.4,3.5,38.3,36.7,3.5,38.3,45.4,2.496,36.49,70.9,-6999,-6999,0,-6999,-6999,0
100,2013,74,2200,13.89,3.492,38.29,68.4,1.992,35.59,78.4,3.492,38.29,51.1,3.492,38.29,183.1,3.492,38.29,64.5,3.487,38.28,36.7,3.492,38.29,45.3,1.992,35.59,70.8,-6999,-6999,0,-6999,-6999,0
100,2013,74,2300,13.9,2.492,36.49,68.2,.992,33.79,78.2,2.492,36.49,51,2.487,36.48,58.9,2.492,36.49,134.3,1.996,35.59,36.5,2.492,36.49,45.5,.992,33.79,71.1,-6999,-6999,0,-6999,-6999,0
100,2013,74,2400,13.92,1.5,34.7,68.7,.004,32.01,78,1.5,34.7,51,1.004,33.81,181.3,1.5,34.7,133.8,1.5,34.7,36.5,1.5,34.7,45.4,0,32,69.9,-6999,-6999,0,-6999,-6999,0
100,2013,75,100,13.93,1.487,34.68,69.2,.487,32.88,78.3,1.487,34.68,51,1.487,34.68,58.5,1.487,34.68,133.8,1.492,34.68,36.2,1.487,34.68,45.3,-.008,31.98,69.9,-6999,-6999,0,-6999,-6999,0
100,2013,75,200,13.95,-.004,31.99,68.3,-1.008,30.18,77.8,-.004,31.99,50.7,-.004,31.99,58.6,-.004,31.99,133.9,.487,32.88,36,-.004,31.99,45.3,-1.008,30.18,69.6,-6999,-6999,0,-6999,-6999,0
100,2013,75,300,13.96,-.5,31.1,68.3,-1.996,28.41,77.9,-.496,31.11,50.7,-.5,31.1,58.9,-.5,31.1,64,-.996,30.21,36.1,-.5,31.1,45.5,-1.996,28.41,70,-6999,-6999,0,-6999,-6999,0
100,2013,75,400,13.98,-.512,31.08,68.4,-1.512,29.28,77.8,-.012,31.98,50.7,-.512,31.08,58.9,-.508,31.09,133.9,-.512,31.08,35.7,-.508,31.09,45.2,-1.512,29.28,69.9,-6999,-6999,0,-6999,-6999,0
100,2013,75,500,14,-2,28.4,68.4,-3.004,26.59,78,-1.504,29.29,50.9,-2,28.4,58.7,-1.504,29.29,133.9,-2.004,28.39,35.9,-1.504,29.29,45.3,-3.004,26.59,70.1,-6999,-6999,0,-6999,-6999,0
100,2013,75,600,14.02,-2.004,28.39,67.9,-3.504,25.69,78,-2,28.4,50.7,-2.004,28.39,58.9,-2.004,28.39,63.8,-2.5,27.5,35.7,-2.004,28.39,45.2,-3.504,25.69,70.3,-6999,-6999,0,-6999,-6999,0
100,2013,75,700,14.03,-2.496,27.51,68.4,-3.992,24.82,77.7,-1.996,28.41,50.7,-2.496,27.51,58.9,-2.496,27.51,63.8,-2.496,27.51,35.9,-2.496,27.51,45.3,-3.992,24.82,69.9,-6999,-6999,0,-6999,-6999,0
100,2013,75,800,14.02,-1.987,28.42,68.3,-2.987,26.62,77.6,-1.492,29.32,50.7,-1.987,28.42,58.8,-1.987,28.42,133.9,-1.992,28.41,36.2,-1.983,28.43,45,-2.987,26.62,69.5,-6999,-6999,0,-6999,-6999,0
100,2013,75,900,14,-.492,31.12,68,-1.496,29.31,77.6,-.492,31.12,50.4,-.492,31.12,182.8,-.492,31.12,133.8,-.987,30.22,35.5,.004,32.01,45.1,-1.492,29.32,69.2,-6999,-6999,0,-6999,-6999,0
100,2013,75,1000,13.98,.496,32.89,67.8,-1.004,30.19,77.4,.496,32.89,50.4,.492,32.88,183.3,.496,32.89,63.4,.496,32.89,35.7,.496,32.89,45,-.504,31.09,69.4,-6999,-6999,0,-6999,-6999,0
100,2013,75,1100,13.96,.029,32.05,68.1,-1.467,29.36,77.6,.037,32.07,50.3,-.467,31.16,183.7,.029,32.05,64,.029,32.05,35.9,.033,32.06,45,-.962,30.27,70.2,-6999,-6999,0,-6999,-6999,0
100,2013,75,1200,13.92,3.504,38.31,67.9,2.5,36.5,77.4,4.5,40.1,49.6,3.5,38.3,183.7,3.504,38.31,63.9,3.5,38.3,35.7,4,39.2,45.1,3.5,38.3,70.2,-6999,-6999,0,-6999,-6999,0
100,2013,75,1300,13.9,4,39.2,67.9,2.504,36.51,77.4,4.496,40.09,50.1,3.5,38.3,183.7,4,39.2,122.8,3.504,38.31,35.9,4,39.2,45,3.496,38.29,70.3,-6999,-6999,0,-6999,-6999,0
100,2013,75,1400,13.9,3.987,39.18,67.9,2.987,37.38,77.1,3.987,39.18,50.4,3.492,38.29,183.7,3.987,39.18,123.2,3.987,39.18,35.6,3.987,39.18,44.8,2.987,37.38,69.2,-6999,-6999,0,-6999,-6999,0
100,2013,75,1500,13.9,2.5,36.5,67.4,1.496,34.69,77.4,2.5,36.5,50.4,2.496,36.49,183.8,2.5,36.5,63.5,2.496,36.49,36,2.5,36.5,44.8,1.496,34.69,69.3,-6999,-6999,0,-6999,-6999,0
100,2013,75,1600,13.9,2.492,36.49,67.7,.992,33.79,77.3,2.492,36.49,50.2,1.996,35.59,183.4,2.492,36.49,63.2,1.996,35.59,35.9,2.492,36.49,44.7,.992,33.79,69.1,-6999,-6999,0,-6999,-6999,0
100,2013,75,1700,13.92,1.487,34.68,67.8,-.008,31.98,77.3,1.487,34.68,50.4,1.487,34.68,181.4,1.487,34.68,133,1.492,34.68,35.9,1.487,34.68,44.7,-.008,31.98,69.4,-6999,-6999,0,-6999,-6999,0
100,2013,75,1800,13.94,-.004,31.99,67.3,-1.008,30.18,77.2,-.004,31.99,50.4,-.004,31.99,181.1,-.004,31.99,63.5,.487,32.88,36.2,-.004,31.99,44.7,-1.008,30.18,69.6,-6999,-6999,0,-6999,-6999,0
100,2013,75,1900,13.96,-.504,31.09,67.5,-2.004,28.39,77.2,-.504,31.09,50.2,-.508,31.09,181.2,-.504,31.09,133.9,-1.004,30.19,36,-.504,31.09,44.8,-2.004,28.39,69.8,-6999,-6999,0,-6999,-6999,0
100,2013,75,2000,13.99,-1.008,30.18,67.3,-2.512,27.48,77.3,-1.012,30.18,50.2,-1.508,29.29,182.4,-1.012,30.18,123.2,-1.508,29.29,35.7,-1.012,30.18,44.6,-2.512,27.48,69.9,-6999,-6999,0,-6999,-6999,0
100,2013,75,2100,14.02,-1.996,28.41,67.6,-3.992,24.82,77,-2.492,27.51,50.2,-2.496,27.51,183,-2.492,27.51,133.9,-2.496,27.51,35.9,-2.496,27.51,44.8,-3.992,24.82,69.9,-6999,-6999,0,-6999,-6999,0
100,2013,75,2200,14.03,-1.504,29.29,67.8,-3,26.6,77,-1.5,29.3,50,-2,28.4,181.6,-1.504,29.29,63.3,-2,28.4,35.9,-2,28.4,44.6,-3,26.6,69.6,-6999,-6999,0,-6999,-6999,0
100,2013,75,2300,14.03,-2.004,28.39,67.4,-3.008,26.59,77.2,-1.508,29.29,50.2,-2.004,28.39,58.7,-2.004,28.39,63.3,-2.004,28.39,35.9,-2.004,28.39,44.6,-3.008,26.59,69.9,-6999,-6999,0,-6999,-6999,0
100,2013,75,2400,14.04,-2.504,27.49,67.6,-4.004,24.79,77.2,-2.504,27.49,50.2,-2.504,27.49,58.7,-2.504,27.49,123.3,-2.504,27.49,35.9,-2.504,27.49,44.5,-4.004,24.79,70.1,-6999,-6999,0,-6999,-6999,0
100,2013,76,100,14.06,-3,26.6,67.6,-4.5,23.9,77,-3,26.6,50.2,-3,26.6,58.5,-3,26.6,63.1,-3,26.6,35.9,-3,26.6,44.5,-4.5,23.9,70.1,-6999,-6999,0,-6999,-6999,0
100,2013,76,200,14.07,-3,26.6,67.6,-4.5,23.9,77.2,-3,26.6,50.2,-3,26.6,58.7,-3,26.6,63.1,-3,26.6,35.9,-3,26.6,44.5,-4.5,23.9,70.1,-6999,-6999,0,-6999,-6999,0
100,2013,76,300,14.08,-2.992,26.62,67.3,-4.496,23.91,77.2,-2.996,26.61,50,-2.996,26.61,58.9,-2.996,26.61,63.3,-2.996,26.61,36.1,-2.992,26.62,44.5,-4.492,23.91,69.7,-6999,-6999,0,-6999,-6999,0
100,2013,76,400,14.07,-2,28.4,67.3,-4,24.8,77,-2.5,27.5,50,-2.5,27.5,58.4,-2.5,27.5,63,-2.5,27.5,36.1,-2,28.4,44.5,-3.5,25.7,69.7,-6999,-6999,0,-6999,-6999,0
100,2013,76,500,14.07,-2,28.4,67.3,-4,24.8,77,-2.5,27.5,49.8,-2.5,27.5,58.7,-2.5,27.5,127.8,-2.5,27.5,35.9,-2.004,28.39,44.6,-3.504,25.69,69.9,-6999,-6999,0,-6999,-6999,0
100,2013,76,600,14.07,-2.004,28.39,67.4,-4,24.8,77,-2.5,27.5,50,-2.5,27.5,58.5,-2.5,27.5,133.1,-2.5,27.5,36.2,-2.496,27.51,44.3,-4,24.8,69.9,-6999,-6999,0,-6999,-6999,0
100,2013,76,700,14.06,-2.504,27.49,67.6,-4.004,24.79,76.8,-2.504,27.49,49.7,-2.504,27.49,58.2,-2.504,27.49,63.1,-2.504,27.49,35.7,-2.008,28.38,44.5,-4.004,24.79,70.1,-6999,-6999,0,-6999,-6999,0
100,2013,76,800,14.06,-3.004,26.59,68.3,-4.504,23.89,76.5,-3.004,26.59,49.7,-3.004,26.59,56.3,-3.004,26.59,63.2,-3.004,26.59,34.4,-3.004,26.59,44.8,-4.504,23.89,70.2,-6999,-6999,0,-6999,-6999,0
100,2013,76,900,14.07,-3.496,25.71,68.7,-4.996,23.01,76.2,-3.496,25.71,48.8,-3.496,25.71,58.4,-3.496,25.71,62.6,-3.496,25.71,36,-3.5,25.7,44.8,-4.996,23.01,70.4,-6999,-6999,0,-6999,-6999,0
100,2013,76,1000,14.06,-2.996,26.61,68.6,-4.496,23.91,76.8,-3,26.6,48.7,-3,26.6,181.4,-3,26.6,133.5,-3,26.6,35.2,-3.492,25.71,45.2,-4.496,23.91,70.3,-6999,-6999,0,-6999,-6999,0
100,2013,76,1100,14.04,-2.492,27.51,69.6,-3.987,24.82,73.7,-2.983,26.63,49.7,-2.987,26.62,181.6,-2.983,26.63,134.4,-2.987,26.62,36.5,-2.492,27.51,46.2,-3.983,24.83,71.6,-6999,-6999,0,-6999,-6999,0
100,2013,76,1200,14.02,-1.496,29.31,69.5,-2.5,27.5,76.8,-1,30.2,48.9,-1.5,29.3,183,-1,30.2,133.4,-1.5,29.3,36.9,-1.496,29.31,46.2,-2,28.4,71.6,-6999,-6999,0,-6999,-6999,0
100,2013,76,1300,14.02,-1.004,30.19,69.6,-2.504,27.49,74.5,-1.004,30.19,49.1,-1.504,29.29,183,-1.004,30.19,133.9,-1.5,29.3,36.2,-1.008,30.18,46.4,-2.008,28.38,71.9,-6999,-6999,0,-6999,-6999,0
100,2013,76,1400,14.01,-1.496,29.31,69.5,-2.996,26.61,77.3,-1.496,29.31,50.1,-1.996,28.41,60,-1.496,29.31,64.6,-1.5,29.3,34.2,-1.996,28.41,46.5,-2.996,26.61,71.7,-6999,-6999,0,-6999,-6999,0
100,2013,76,1500,14.01,-1.008,30.18,69.8,-2.504,27.49,77.7,-1.004,30.19,50,-1.504,29.29,181.6,-1.008,30.18,122.2,-1.504,29.29,35.9,-1.504,29.29,46.3,-2.504,27.49,71.9,-6999,-6999,0,-6999,-6999,0
100,2013,76,1600,14.02,-2.012,28.38,69.8,-3.017,26.57,77.8,-1.517,29.27,50.4,-2.012,28.38,181.7,-2.012,28.38,123.3,-2.012,28.38,36.1,-2.012,28.38,46.3,-3.017,26.57,71.4,-6999,-6999,0,-6999,-6999,0
100,2013,76,1700,14.04,-3.517,25.67,69.9,-5.012,22.98,78.4,-3.512,25.68,51.2,-3.517,25.67,182,-3.512,25.68,64.8,-3.517,25.67,32,-3.517,25.67,46.6,-5.012,22.98,71,-6999,-6999,0,-6999,-6999,0
100,2013,76,1800,14.08,-5.504,22.09,70.6,-6.508,20.29,78.7,-5.008,22.98,51.2,-5.504,22.09,182.1,-5.008,22.98,123.5,-5.508,22.09,220,-5.504,22.09,47.4,-6.508,20.29,72,-6999,-6999,0,-6999,-6999,0
100,2013,76,1900,14.11,-6.008,21.18,71.7,-7.51,18.48,78.9,-6.008,21.18,52.7,-6.008,21.18,182.1,-6.008,21.18,123.5,-6.504,20.29,36.1,-6.008,21.18,47.8,-7.51,18.48,73.6,-6999,-6999,0,-6999,-6999,0
100,2013,76,2000,14.14,-7.01,19.39,72.5,-8.51,16.68,80.6,-7.01,19.39,54,-7.01,19.39,182.2,-7.01,19.39,67.6,-7.01,19.39,220,-7.01,19.39,48.3,-8.51,16.68,73.9,-6999,-6999,0,-6999,-6999,0
100,2013,76,2100,14.16,-8,17.59,72.7,-9.5,14.89,80.6,-8,17.59,53.8,-8,17.59,181.9,-8,17.59,67.7,-8,17.59,220,-8,17.59,47.9,-9.5,14.89,74,-6999,-6999,0,-6999,-6999,0
100,2013,76,2200,14.19,-8.51,16.68,73.6,-10.01,13.98,81.3,-8.51,16.68,54.6,-8.51,16.68,63.2,-8.51,16.68,68.4,-8.51,16.68,220,-8.51,16.68,49.3,-10.01,13.98,74.8,-6999,-6999,0,-6999,-6999,0
100,2013,76,2300,14.22,-10,13.99,73.7,-11.01,12.18,81.1,-9.51,14.89,54.7,-10,13.99,183.7,-9.51,14.89,68.5,-10,13.99,220,-9.51,14.89,49.5,-11.01,12.18,75,-6999,-6999,0,-6999,-6999,0
100,2013,76,2400,14.24,-10.5,13.09,73.9,-12,10.39,81.6,-10.5,13.1,54.7,-10.5,13.09,184.6,-10.5,13.09,133.9,-10.5,13.09,220,-10.5,13.09,48.7,-12,10.39,74.7,-6999,-6999,0,-6999,-6999,0
100,2013,77,100,14.26,-11,12.19,73.1,-12.5,9.49,81.3,-10.51,13.08,54.3,-11,12.2,184.6,-11,12.19,134.4,-11,12.19,220,-11,12.19,48.8,-12.5,9.49,74.8,-6999,-6999,0,-6999,-6999,0
100,2013,77,200,14.29,-11.5,11.29,73.2,-13,8.59,80.9,-11.5,11.29,54.2,-11.01,12.18,184,-11.5,11.29,68,-11.5,11.29,220,-11.5,11.29,48.2,-13,8.59,75,-6999,-6999,0,-6999,-6999,0
100,2013,77,300,14.31,-12,10.39,73.1,-13.5,7.69,81.2,-12,10.4,54,-12.5,9.5,184.2,-12,10.4,68,-12,10.39,220,-12,10.4,48.5,-13.5,7.69,75.1,-6999,-6999,0,-6999,-6999,0
100,2013,77,400,14.32,-12.5,9.5,73.1,-14,6.807,81.1,-12,10.4,54,-12.5,9.5,184.3,-12,10.4,68,-12.5,9.5,220,-12,10.4,48.5,-14,6.807,75,-6999,-6999,0,-6999,-6999,0
100,2013,77,500,14.34,-12.5,9.5,72.6,-13.5,7.69,80.9,-12,10.4,53.8,-12.5,9.5,184.3,-12,10.4,67.5,-12.5,9.5,220,-12,10.39,48.3,-13.5,7.69,75,-6999,-6999,0,-6999,-6999,0
100,2013,77,600,14.34,-12.5,9.5,73.1,-14,6.807,80.8,-12,10.4,53.8,-12.5,9.5,184.2,-12,10.4,67.5,-12.5,9.5,220,-12.5,9.51,48.5,-14,6.807,74.8,-6999,-6999,0,-6999,-6999,0
100,2013,77,700,14.34,-12.49,9.52,72.8,-13.49,7.72,80.7,-11.99,10.42,54,-12.49,9.52,184.6,-11.99,10.42,119.6,-12.49,9.52,220,-12,10.41,48.8,-13.49,7.72,74.7,-6999,-6999,0,-6999,-6999,0
100,2013,77,800,14.32,-11.5,11.31,72.6,-12.5,9.5,80.9,-11,12.21,53.8,-11,12.2,183.9,-11,12.2,67.8,-11.5,11.31,220,-11.49,11.32,48.6,-12.5,9.51,74.5,-6999,-6999,0,-6999,-6999,0
100,2013,77,900,14.3,-10.99,12.21,72.6,-12.49,9.52,80.8,-10.5,13.11,54.3,-11,12.21,62.6,-10.99,12.21,67.6,-11,12.21,220,-10.5,13.11,49,-12,10.41,74.4,-6999,-6999,0,-6999,-6999,0
100,2013,77,1000,14.29,-10,14.01,73,-11.49,11.32,80.8,-9.99,14.02,54.3,-10.49,13.11,183.6,-9.99,14.02,67.8,-10.49,13.11,220,-10,14.01,49,-11.49,11.32,74.1,-6999,-6999,0,-6999,-6999,0
100,2013,77,1100,14.26,-9.49,14.92,73,-10.49,13.11,80.9,-8.99,15.82,54.5,-9.49,14.92,184.7,-8.99,15.82,123.9,-9.49,14.92,220,-9.49,14.92,49,-10.49,13.12,74.2,-6999,-6999,0,-6999,-6999,0
100,2013,77,1200,14.23,-7.99,17.61,73.2,-9.49,14.92,80.7,-7.99,17.61,54.2,-8.49,16.72,184.6,-7.99,17.61,123.5,-7.99,17.61,35.2,-7.99,17.61,48.8,-8.99,15.82,74.3,-6999,-6999,0,-6999,-6999,0
100,2013,77,1300,14.21,-7,19.4,73.2,-8.5,16.71,81,-7,19.4,54.7,-7,19.39,184.6,-7,19.4,124.8,-7,19.39,220,-7,19.4,49.1,-8,17.59,74.4,-6999,-6999,0,-6999,-6999,0
100,2013,77,1400,14.2,-7,19.39,73.3,-8,17.59,81.1,-7,19.39,54.7,-7.5,18.5,184.5,-7,19.39,123.9,-7.5,18.5,220,-7,19.39,49.4,-8.5,16.69,74.2,-6999,-6999,0,-6999,-6999,0
100,2013,77,1500,14.2,-7.5,18.51,73.2,-8.5,16.7,81.2,-7.5,18.51,54.5,-7.5,18.51,184.4,-7.5,18.51,123.9,-7.5,18.51,220,-7.5,18.51,49.4,-8.99,15.82,75.5,-6999,-6999,0,-6999,-6999,0
100,2013,77,1600,14.19,-7,19.4,73.2,-8.5,16.7,81.1,-7,19.4,51.7,-7,19.4,184.3,-7,19.4,123.9,-7,19.4,220,-7,19.4,48.1,-8,17.59,75.6,-6999,-6999,0,-6999,-6999,0
100,2013,77,1700,14.19,-7,19.4,73.2,-8.5,16.7,81.2,-7,19.4,54.7,-7,19.4,184.3,-7,19.4,123.9,-7,19.4,220,-7,19.4,49.4,-8.5,16.7,75.6,-6999,-6999,0,-6999,-6999,0
100,2013,77,1800,14.18,-7,19.39,73.3,-8.5,16.69,81.1,-7,19.39,54.5,-7,19.39,184.3,-7,19.39,68.5,-7,19.39,220,-7,19.4,49.4,-8.5,16.7,74.4,-6999,-6999,0,-6999,-6999,0
100,2013,77,1900,14.18,-7.5,18.5,73.3,-9,15.8,80.9,-7.5,18.5,230,-7.5,18.5,183.8,-7.5,18.5,125.4,-7.5,18.5,38.1,-7,19.39,49.2,-8.5,16.69,74.5,-6999,-6999,0,-6999,-6999,0
100,2013,77,2000,14.19,-7.5,18.51,73.2,-9,15.81,80.9,-7.5,18.51,230,-7.5,18.5,183.5,-7.5,18.51,123.9,-7.5,18.5,220,-7.5,18.51,49.1,-9,15.81,75.6,-6999,-6999,0,-6999,-6999,0
100,2013,77,2100,14.19,-7,19.4,73.2,-8.5,16.7,81.1,-7,19.4,54.7,-7.5,18.51,183.5,-7,19.4,124.8,-7.5,18.51,220,-7,19.4,49.1,-8.5,16.7,74.1,-6999,-6999,0,-6999,-6999,0
100,2013,77,2200,14.19,-7,19.39,73.3,-8.5,16.7,80.9,-7,19.4,54.5,-7,19.39,183.5,-7,19.39,124.8,-7,19.39,220,-7,19.4,49,-8.5,16.7,74.1,-6999,-6999,0,-6999,-6999,0
100,2013,77,2300,14.19,-7.5,18.5,73.3,-8.5,16.7,80.9,-7,19.39,54.7,-7.5,18.5,183.5,-7.5,18.5,123.6,-7.5,18.5,35.5,-7,19.39,48.9,-8.5,16.69,74.2,-6999,-6999,0,-6999,-6999,0
100,2013,77,2400,14.2,-7.5,18.49,73,-8.51,16.68,80.9,-7.5,18.49,54.3,-7.5,18.49,62.9,-7.5,18.49,123.6,-7.5,18.49,220,-7.5,18.5,48.7,-9,15.79,74.4,-6999,-6999,0,-6999,-6999,0
100,2013,78,100,14.2,-8,17.59,73.1,-9.5,14.89,80.7,-8,17.6,54.1,-8,17.59,62.9,-8,17.59,123.1,-8,17.59,220,-7.5,18.49,49,-9.5,14.9,73.9,-6999,-6999,0,-6999,-6999,0
100,2013,78,200,14.21,-8.5,16.7,73.1,-10,14,80.7,-8,17.6,54,-8.5,16.7,62.9,-8.5,16.7,67.7,-8.5,16.7,220,-8,17.6,49,-9.5,14.9,73.9,-6999,-6999,0,-6999,-6999,0
100,2013,78,300,14.22,-8.5,16.7,72.7,-10,14,80.7,-8,17.59,54.1,-8.5,16.7,58.6,-8.5,16.7,67.4,-8.5,16.7,36.3,-8,17.59,48.9,-9.5,14.89,74,-6999,-6999,0,-6999,-6999,0
100,2013,78,400,14.22,-8.51,16.68,72.5,-10.01,13.98,80.5,-8.5,16.69,54.2,-8.51,16.68,62.9,-8.51,16.68,67.5,-8.51,16.68,36.8,-8.5,16.69,48.9,-10,13.99,74.1,-6999,-6999,0,-6999,-6999,0
100,2013,78,500,14.24,-9.5,14.89,72.6,-11,12.19,80.5,-9.01,15.79,54.5,-9.5,14.89,62.9,-9.5,14.89,67.6,-9.5,14.89,36.2,-9,15.79,48.9,-10.51,13.08,74.4,-6999,-6999,0,-6999,-6999,0
100,2013,78,600,14.26,-10,13.99,72.5,-11.5,11.29,80.3,-10,13.99,54,-10,13.99,62.7,-10,13.99,67.2,-10,13.99,35,-9.5,14.89,48.8,-11.5,11.29,74.4,-6999,-6999,0,-6999,-6999,0
100,2013,78,700,14.28,-10.5,13.11,72.6,-12,10.41,80.3,-10.5,13.11,54.3,-10.5,13.11,62.6,-10.5,13.11,67.1,-10.5,13.11,34.8,-10,14.01,48.7,-12,10.41,74.4,-6999,-6999,0,-6999,-6999,0
100,2013,78,800,14.28,-9.99,14.02,72.2,-11.48,11.33,80,-9.99,14.02,54.1,-9.99,14.02,62.9,-9.99,14.02,133.7,-9.99,14.02,34.2,-9.49,14.92,48.8,-11.48,11.33,73.9,-6999,-6999,0,-6999,-6999,0
100,2013,78,900,14.26,-8.49,16.72,203.4,-9.48,14.93,79.8,-8.48,16.73,54,-8.48,16.73,182.8,-8.48,16.73,133.7,-8.48,16.73,34.5,-8.48,16.73,48.5,-9.49,14.92,73.5,-6999,-6999,0,-6999,-6999,0
100,2013,78,1000,14.22,-6.996,19.41,213.2,-7.5,18.5,80,-6.492,20.32,53.6,-6.5,20.3,183.4,-6.5,20.3,134.2,-6.496,20.31,37.6,-6.5,20.3,48.5,-7.99,17.61,73.2,-6999,-6999,0,-6999,-6999,0
100,2013,78,1100,14.16,-6.483,20.33,213.6,-7.48,18.53,79.7,-5.479,22.14,53.3,-6.483,20.33,184.3,-6.483,20.33,132.3,-5.987,21.22,39.6,-6.471,20.35,47.8,-6.975,19.45,72.9,-6999,-6999,0,-6999,-6999,0
100,2013,78,1200,14.12,-4.483,23.93,71.7,-5.496,22.11,79.6,-2.992,26.62,53.2,-4.487,23.92,184.5,-4.487,23.92,66.4,-4.496,23.91,39.9,-3.004,26.59,48.4,-3.992,24.82,72.6,-6999,-6999,0,-6999,-6999,0
100,2013,78,1300,14.1,-2.5,27.5,71.7,-4.987,23.02,79.5,-2.004,28.39,53.5,-3,26.6,184.5,-2.996,26.61,66.3,-3.987,24.82,38.4,-3.492,25.71,48.2,-3.008,26.59,72.9,-6999,-6999,0,-6999,-6999,0
100,2013,78,1400,14.09,-2.496,27.51,71.6,-3.5,25.7,79.5,-2.496,27.51,53.5,-2.992,26.62,184,-2.496,27.51,66.2,-2.496,27.51,39,-2.496,27.51,48.3,-3.992,24.82,72.6,-6999,-6999,0,-6999,-6999,0
100,2013,78,1500,14.08,-2.004,28.39,71.2,-3.504,25.69,79.5,-2.004,28.39,53.5,-2.004,28.39,183.7,-2.004,28.39,122.7,-2.004,28.39,38.5,-2.004,28.39,48.2,-3.008,26.59,72.9,-6999,-6999,0,-6999,-6999,0
100,2013,78,1600,14.08,-2.504,27.49,71.4,-4.004,24.79,79.4,-2.504,27.49,53.3,-2.508,27.48,183.5,-2.508,27.48,123.6,-2.504,27.49,38.5,-2.504,27.49,48.2,-4.008,24.79,72.8,-6999,-6999,0,-6999,-6999,0
100,2013,78,1700,14.08,-3.008,26.59,212.2,-4.508,23.88,79.4,-3.008,26.59,53.4,-3.504,25.69,183.3,-3.508,25.68,132.8,-3.008,26.59,38.4,-3.012,26.58,48.2,-5.008,22.98,72.9,-6999,-6999,0,-6999,-6999,0
100,2013,78,1800,14.1,-4.017,24.77,212.8,-5.517,22.07,79.3,-4.012,24.78,53,-4.017,24.77,183.7,-4.512,23.88,133.7,-4.017,24.77,38.1,-4.512,23.88,48.2,-6.012,21.18,73.3,-6999,-6999,0,-6999,-6999,0
100,2013,78,1900,14.13,-6.021,21.16,212.3,-7.52,18.46,79.4,-5.525,22.06,53.2,-6.021,21.16,183.6,-6.021,21.16,132.9,-6.021,21.16,37.7,-6.021,21.16,48.1,-7.52,18.46,72.4,-6999,-6999,0,-6999,-6999,0
100,2013,78,2000,14.17,-8.5,16.71,213.3,-10,14.01,79.2,-8.5,16.71,53.2,-8.5,16.71,183.6,-8.5,16.71,133.7,-8.5,16.71,37.8,-8.5,16.71,48,-10,14.01,72.2,-6999,-6999,0,-6999,-6999,0
100,2013,78,2100,14.2,-8.01,17.58,213.8,-9.51,14.89,79.2,-8.01,17.58,53.2,-8.01,17.58,183.8,-8.01,17.58,133,-8.01,17.58,36.7,-8.01,17.58,48.1,-9.51,14.89,72.5,-6999,-6999,0,-6999,-6999,0
100,2013,78,2200,14.22,-9.03,15.75,212.5,-10.52,13.05,79.2,-9.02,15.76,53,-9.03,15.75,184.7,-9.52,14.86,66,-9.02,15.76,35.2,-9.02,15.76,48.1,-10.52,13.05,72.9,-6999,-6999,0,-6999,-6999,0
100,2013,78,2300,14.26,-12.51,9.48,203.8,-13.51,7.68,79.1,-12.01,10.38,53.1,-12.51,9.48,182.4,-12.01,10.38,65.8,-12.01,10.38,35.3,-12.01,10.38,48,-13.51,7.68,72.9,-6999,-6999,0,-6999,-6999,0
100,2013,78,2400,14.32,-13.48,7.73,71.3,-14.98,5.03,79.1,-13.48,7.74,53,-13.48,7.74,184.1,-13.48,7.73,66,-13.48,7.74,34.5,-13.48,7.73,48.1,-14.98,5.03,72.7,-6999,-6999,0,-6999,-6999,0
100,2013,79,100,14.33,-11.5,11.29,71,-13,8.59,79.2,-11.01,12.18,53,-11.01,12.18,184.7,-11.5,11.29,66,-11.01,12.18,34.7,-11.5,11.29,47.9,-13,8.59,72.9,-6999,-6999,0,-6999,-6999,0
100,2013,79,200,14.33,-11.97,10.45,212.3,-13.47,7.75,79.1,-11.97,10.45,53,-12.47,9.55,184.5,-11.98,10.43,66.2,-11.97,10.45,34.9,-11.97,10.45,47.9,-13.47,7.75,72.5,-6999,-6999,0,-6999,-6999,0
100,2013,79,300,14.31,-9,15.81,213.3,-10.5,13.11,78.9,-8.99,15.82,52.9,-9.49,14.92,181.9,-9.99,14.02,123.6,-8.99,15.82,36.5,-8.99,15.82,48,-10.49,13.11,72.4,-6999,-6999,0,-6999,-6999,0
100,2013,79,400,14.27,-8.48,16.73,213.7,-9.98,14.03,78.8,-7.99,17.62,52.7,-8.49,16.72,182.8,-8.49,16.72,133.7,-7.99,17.62,35.1,-7.99,17.61,47.8,-9.49,14.92,73.4,-6999,-6999,0,-6999,-6999,0
100,2013,79,500,14.24,-6.504,20.29,213.7,-8,17.59,78.6,-6.504,20.29,52.7,-7,19.4,183.5,-7,19.39,133.7,-6.504,20.29,35.2,-7,19.4,47.8,-8.5,16.7,71.9,-6999,-6999,0,-6999,-6999,0
100,2013,79,600,14.22,-7.01,19.39,213.3,-8.51,16.68,78.8,-7.01,19.39,52.7,-7.01,19.39,182.9,-7.51,18.48,133.7,-7,19.39,35.5,-7.01,19.39,47.8,-8.51,16.68,72.2,-6999,-6999,0,-6999,-6999,0
100,2013,79,700,14.22,-7.98,17.63,213.2,-9.48,14.93,78.5,-7.98,17.63,52.7,-7.98,17.63,182.7,-8.48,16.74,133.7,-7.49,18.52,35.3,-7.98,17.63,47.9,-9.48,14.93,73.2,-6999,-6999,0,-6999,-6999,0
100,2013,79,800,14.18,-5.979,21.24,213.5,-7.47,18.54,78.5,-5.975,21.24,52.5,-5.979,21.24,181.5,-5.979,21.24,123.6,-5.979,21.24,35.7,-5.979,21.24,47.8,-7.47,18.54,72.7,-6999,-6999,0,-6999,-6999,0
100,2013,79,900,14.12,-3.479,25.74,212.9,-4.475,23.94,78.6,-2.979,26.64,52.7,-3.475,25.74,183.9,-3.475,25.74,65.5,-3.479,25.74,34.6,-3.479,25.74,47.9,-4.479,23.94,72.3,-6999,-6999,0,-6999,-6999,0
100,2013,79,1000,14.05,-.979,30.24,211.4,-1.475,29.35,78.4,-.467,31.16,52.2,-.483,31.13,183.8,-.483,31.13,65.6,-.967,30.26,36.3,-.979,30.24,47.8,-1.958,28.47,71.3,-6999,-6999,0,-6999,-6999,0
100,2013,79,1100,13.94,1.517,34.73,70.9,1.508,34.71,78.6,3.517,38.33,51.9,1.521,34.74,184.6,1.517,34.73,65.3,3.004,37.41,34.4,1.533,34.76,47,3.017,37.43,71.9,-6999,-6999,0,-6999,-6999,0
100,2013,79,1200,13.92,3.504,38.31,69.8,2.496,36.49,78.4,5.492,41.88,51.3,3.996,39.19,184.7,3.504,38.31,65.2,3.496,38.29,36.6,5.483,41.87,47.2,4.992,40.99,70.4,-6999,-6999,0,-6999,-6999,0
100,2013,79,1300,13.9,3.996,39.19,69.4,2.004,35.61,78.1,4.492,40.09,51.4,3.496,38.29,184.3,3.996,39.19,64.8,3.004,37.41,38.7,3.5,38.3,47.4,3.987,39.18,70.8,-6999,-6999,0,-6999,-6999,0
100,2013,79,1400,13.9,3.475,38.26,69.5,2.475,36.45,78.3,3.475,38.26,51.5,2.979,37.36,183.9,3.475,38.26,133.8,3.475,38.26,38.9,3.475,38.26,47.4,2.475,36.45,71.2,-6999,-6999,0,-6999,-6999,0
100,2013,79,1500,13.92,.496,32.89,69.7,-.508,31.09,78.4,.496,32.89,51.5,.496,32.89,184.3,.496,32.89,133.8,.496,32.89,38.9,.496,32.89,47.4,-.504,31.09,71.4,-6999,-6999,0,-6999,-6999,0
100,2013,79,1600,13.94,-.004,31.99,69.3,-1.504,29.29,78.2,-.004,31.99,51.6,-.004,31.99,183.6,-.004,31.99,133.9,-.004,31.99,39.1,-.004,31.99,47.3,-1.008,30.18,71.6,-6999,-6999,0,-6999,-6999,0
100,2013,79,1700,13.96,-.508,31.09,69.6,-2.008,28.38,78.3,-.508,31.09,51.7,-.508,31.09,183.4,-.508,31.09,133.9,-.512,31.08,39.4,-.508,31.09,47.3,-2.008,28.38,70.7,-6999,-6999,0,-6999,-6999,0
100,2013,79,1800,13.98,-1.504,29.29,69.3,-3.004,26.59,78.3,-1.504,29.29,51.3,-1.504,29.29,183.4,-1.504,29.29,133.9,-2,28.4,38.9,-1.504,29.29,47.4,-3,26.6,70.4,-6999,-6999,0,-6999,-6999,0
100,2013,79,1900,14.01,-2,28.4,69.8,-3.5,25.7,78.3,-2,28.4,51.5,-2.004,28.39,183.4,-2,28.4,133.9,-2.004,28.39,38.9,-2,28.4,47.3,-3.004,26.59,70.6,-6999,-6999,0,-6999,-6999,0
100,2013,79,2000,14.02,-2,28.4,69.8,-3.5,25.7,78.3,-2,28.4,51.5,-2.5,27.5,183.1,-2,28.4,133.9,-2.5,27.5,39.4,-2,28.4,47.3,-3.5,25.7,70.9,-6999,-6999,0,-6999,-6999,0
100,2013,79,2100,14.04,-2.004,28.39,69.9,-3.504,25.69,78.3,-2.004,28.39,51.5,-2.5,27.5,181.3,-2.004,28.39,133.9,-2.5,27.5,37.4,-2.004,28.39,47.4,-3.5,25.7,70.6,-6999,-6999,0,-6999,-6999,0
100,2013,79,2200,14.04,-2.5,27.5,69.9,-4,24.8,78.2,-2.5,27.5,51.5,-2.5,27.5,60.6,-2.5,27.5,64.8,-2.5,27.5,35.4,-2.5,27.5,47.4,-3.5,25.7,70.6,-6999,-6999,0,-6999,-6999,0
100,2013,79,2300,14.05,-2.5,27.5,69.9,-4,24.8,78.2,-2.5,27.5,51.5,-2.5,27.5,60.7,-2.5,27.5,133.9,-2.5,27.5,34.1,-2.5,27.5,47,-3.504,25.69,70.7,-6999,-6999,0,-6999,-6999,0
100,2013,79,2400,14.05,-2.5,27.5,69.9,-4,24.8,78.2,-2.5,27.5,51.5,-2.5,27.5,58.5,-2.5,27.5,133.9,-2.5,27.5,33.7,-2.5,27.5,47,-4,24.8,70.7,-6999,-6999,0,-6999,-6999,0
100,2013,80,100,14.05,-2.5,27.5,69.9,-4,24.8,78.2,-2.5,27.5,51.5,-2.5,27.5,58.9,-2.5,27.5,133.9,-2.5,27.5,33.9,-2.5,27.5,46.7,-3.996,24.81,70.6,-6999,-6999,0,-6999,-6999,0
100,2013,80,200,14.05,-2.496,27.51,69.8,-3.996,24.81,78,-2.496,27.51,51.3,-2.5,27.5,58.7,-2.5,27.5,133.9,-2.5,27.5,35.6,-2.5,27.5,46.9,-3.5,25.7,70.6,-6999,-6999,0,-6999,-6999,0
100,2013,80,300,14.05,-2,28.4,69.8,-3.5,25.7,78,-2,28.4,51.3,-2.5,27.5,58.9,-2.5,27.5,133.9,-2.5,27.5,37.7,-2.5,27.5,46.9,-3.5,25.7,70.6,-6999,-6999,0,-6999,-6999,0
100,2013,80,400,14.04,-2,28.4,69.3,-3.5,25.7,78,-2,28.4,51.3,-2.5,27.5,59.5,-2.5,27.5,133.9,-2.5,27.5,37.9,-2.5,27.5,46.7,-3.5,25.7,70.6,-6999,-6999,0,-6999,-6999,0
100,2013,80,500,14.04,-2.008,28.38,70.1,-3.504,25.69,78,-2.004,28.39,51.3,-2.504,27.49,59.4,-2.5,27.5,133.9,-2.504,27.49,37.9,-2.5,27.5,46.7,-3.504,25.69,70.7,-6999,-6999,0,-6999,-6999,0
100,2013,80,600,14.05,-2.996,26.61,69.9,-4.004,24.79,78.2,-2.504,27.49,51.8,-3,26.6,58.2,-2.504,27.49,64.9,-3,26.6,37.5,-2.504,27.49,47.4,-4,24.8,70.7,-6999,-6999,0,-6999,-6999,0
100,2013,80,700,14.05,-2.504,27.49,70.1,-4.5,23.9,78.2,-3,26.6,52,-3,26.6,59.4,-3,26.6,64.9,-3,26.6,31.6,-3,26.6,47.4,-4.004,24.79,70.9,-6999,-6999,0,-6999,-6999,0
100,2013,80,800,14.06,-2.992,26.62,70.3,-4.487,23.92,78.5,-2.992,26.62,52.2,-2.992,26.62,55.6,-2.992,26.62,133.9,-2.992,26.62,38,-2.992,26.62,47.6,-4.492,23.91,72,-6999,-6999,0,-6999,-6999,0
100,2013,80,900,14.04,-1.987,28.42,70.1,-2.987,26.62,78.4,-1.983,28.43,52,-1.987,28.42,183.3,-1.983,28.43,65.4,-1.987,28.42,39.4,-1.987,28.42,47.6,-3.487,25.72,72,-6999,-6999,0,-6999,-6999,0
100,2013,80,1000,14.01,-.487,31.12,70.7,-1.479,29.34,78,.025,32.04,51.4,-.487,31.12,183.9,.012,32.02,65.1,-.471,31.15,38.4,-.487,31.12,48,-1.958,28.47,70.6,-6999,-6999,0,-6999,-6999,0
100,2013,80,1100,13.98,1.004,33.81,70,.992,33.79,78.2,2.987,37.38,51.7,1.004,33.81,184.4,1.5,34.7,65.1,2.987,37.38,38.9,1.008,33.82,47.4,2.987,37.38,71.1,-6999,-6999,0,-6999,-6999,0
100,2013,80,1200,13.94,1.512,34.72,69.6,.012,32.02,78.2,1.512,34.72,51.1,1.512,34.72,184.3,1.512,34.72,64.9,1.508,34.71,38.2,2.004,35.61,47.1,1.504,34.71,70.9,-6999,-6999,0,-6999,-6999,0
100,2013,80,1300,13.94,2.958,37.32,70.6,1.462,34.63,78.6,2.962,37.33,52.4,2.958,37.32,183.4,2.962,37.33,66.2,2.462,36.43,34.5,2.462,36.43,48.1,1.958,35.53,71.9,-6999,-6999,0,-6999,-6999,0
100,2013,80,1400,13.97,-2.012,28.38,72.1,-3.017,26.57,80.1,-1.517,29.27,53.7,-2.012,28.38,183.1,-1.517,29.27,134,-2.017,28.37,39.9,-2.012,28.38,49.4,-3.012,26.58,72.7,-6999,-6999,0,-6999,-6999,0
100,2013,80,1500,14.01,-3.517,25.67,72.7,-5.012,22.98,80.2,-3.517,25.67,54,-3.517,25.67,183.3,-3.517,25.67,124.4,-4.012,24.78,40.7,-3.512,25.68,49.5,-4.517,23.87,73.2,-6999,-6999,0,-6999,-6999,0
100,2013,80,1600,14.06,-5.504,22.09,72.9,-6.504,20.29,80.1,-5.504,22.09,54,-5.504,22.09,183.4,-5.504,22.09,123.8,-5.504,22.09,41,-5.004,22.99,49.5,-6.504,20.29,73.2,-6999,-6999,0,-6999,-6999,0
100,2013,80,1700,14.09,-6.004,21.19,72.5,-7.01,19.39,80.1,-6.004,21.19,53.6,-6.004,21.19,184,-6.004,21.19,123.8,-6.004,21.19,40.9,-5.508,22.09,49.3,-7.01,19.39,73.5,-6999,-6999,0,-6999,-6999,0
100,2013,80,1800,14.12,-6.512,20.28,72,-8.01,17.58,79.9,-6.508,20.29,53.5,-6.512,20.28,183.9,-6.508,20.29,123.9,-6.512,20.28,40.3,-6.508,20.29,49.2,-8.01,17.58,73.6,-6999,-6999,0,-6999,-6999,0
100,2013,80,1900,14.16,-8,17.59,72.2,-9.01,15.79,79.9,-7.51,18.48,53.8,-8,17.59,183.6,-7.51,18.48,123.9,-8,17.59,39.7,-7.51,18.48,49.3,-9.01,15.79,73.9,-6999,-6999,0,-6999,-6999,0
100,2013,80,2000,14.2,-8.5,16.69,72,-10,13.99,79.9,-8.5,16.69,53.5,-8.5,16.69,182,-8.5,16.69,124,-8.5,16.69,39.3,-8.5,16.69,49.2,-10,13.99,74,-6999,-6999,0,-6999,-6999,0
100,2013,80,2100,14.22,-9,15.79,72.2,-10.5,13.1,79.7,-9,15.8,53.5,-9,15.79,62.4,-9,15.8,133.8,-9,15.8,220,-9,15.8,49,-10.5,13.1,74,-6999,-6999,0,-6999,-6999,0
100,2013,80,2200,14.24,-9.5,14.9,72.2,-10.5,13.09,79.7,-9,15.79,53.7,-9.5,14.9,62.6,-9,15.79,124,-9,15.79,220,-9,15.79,49,-10.5,13.09,72.6,-6999,-6999,0,-6999,-6999,0
100,2013,80,2300,14.25,-9.5,14.9,72.2,-11,12.2,79.9,-9.5,14.9,53.7,-9.5,14.9,62.7,-9.5,14.9,124,-9.5,14.9,41.1,-9.5,14.9,49.2,-11,12.2,74.1,-6999,-6999,0,-6999,-6999,0
100,2013,80,2400,14.26,-9.51,14.89,72,-11.01,12.18,79.8,-9.5,14.89,53.5,-9.51,14.89,62.7,-9.51,14.89,124.1,-9.51,14.89,40.9,-9.5,14.9,49,-11,12.19,72.9,-6999,-6999,0,-6999,-6999,0
100,2013,81,100,14.27,-10.5,13.1,72,-12,10.4,79.6,-10,13.99,53.5,-10.5,13.09,182.1,-10.5,13.1,124.1,-10.5,13.1,40.6,-9.51,14.89,48.9,-11.51,11.29,73,-6999,-6999,0,-6999,-6999,0
100,2013,81,200,14.28,-10.5,13.09,71.6,-12,10.39,79.6,-10.5,13.09,53.7,-11,12.19,182.2,-10.5,13.09,123.8,-10.5,13.09,40.7,-10.5,13.09,48.7,-12.5,9.5,72.6,-6999,-6999,0,-6999,-6999,0
100,2013,81,300,14.3,-11.01,12.18,71.9,-12.5,9.49,79.6,-11,12.19,53.6,-11.5,11.29,62.9,-11,12.19,120.6,-11,12.19,40.7,-11,12.19,48.8,-12.5,9.49,72.7,-6999,-6999,0,-6999,-6999,0
100,2013,81,400,14.32,-12,10.4,71.5,-13,8.59,79.6,-11.5,11.3,53.3,-12,10.39,62.6,-11.5,11.3,120.1,-11.5,11.3,40.4,-11.5,11.3,48.6,-13,8.6,72.7,-6999,-6999,0,-6999,-6999,0
100,2013,81,500,14.32,-11.99,10.42,72,-13.49,7.72,79.8,-11.49,11.32,53.5,-12.48,9.54,62.7,-11.49,11.32,120,-11.49,11.32,40.2,-11.49,11.32,48.6,-12.99,8.61,72.9,-6999,-6999,0,-6999,-6999,0
100,2013,81,600,14.31,-10.5,13.11,71.8,-12,10.41,79.2,-10,14,53.7,-10,14,62.7,-10.5,13.11,133.8,-10,14,40.9,-10.5,13.11,48.8,-12,10.41,72.3,-6999,-6999,0,-6999,-6999,0
100,2013,81,700,14.3,-9.99,14.02,72,-11.49,11.32,79.5,-9.99,14.02,53.3,-9.99,14.02,62.6,-9.99,14.02,124,-9.99,14.02,40.9,-9.99,14.02,48.8,-11.49,11.32,72.4,-6999,-6999,0,-6999,-6999,0
100,2013,81,800,14.27,-8.98,15.83,71.4,-10.48,13.14,79.2,-8.48,16.73,53,-8.98,15.84,62.2,-8.98,15.84,134.2,-8.98,15.83,40.9,-8.48,16.73,48.5,-9.98,14.03,73.3,-6999,-6999,0,-6999,-6999,0
100,2013,81,900,14.22,-6.983,19.43,71.1,-7.97,17.64,78.3,-6.483,20.33,53,-6.483,20.33,183.9,-6.479,20.34,65.6,-6.979,19.44,40.5,-6.487,20.32,48.7,-7.99,17.62,73.1,-6999,-6999,0,-6999,-6999,0
100,2013,81,1000,14.18,-4.992,23.01,71.3,-4.996,23.01,78.6,-4.471,23.95,52.2,-4.492,23.91,183.5,-3.992,24.82,65.9,-4.475,23.94,40,-4.987,23.02,48.4,-6.458,20.38,71.9,-6999,-6999,0,-6999,-6999,0
100,2013,81,1100,14.03,-3.983,24.83,71.6,-4.487,23.92,78.5,-.992,30.21,52.2,-3.475,25.74,183.9,-2.987,26.62,66.2,-1.504,29.29,40.9,-3.467,25.76,47.9,-1.487,29.32,71.5,-6999,-6999,0,-6999,-6999,0
100,2013,81,1200,14,-1.971,28.45,70.5,-2.987,26.62,78.9,.021,32.04,50.9,-.487,31.12,184.5,-1.479,29.34,65.7,-1.983,28.43,40.7,.5,32.9,47.9,.017,32.03,70.6,-6999,-6999,0,-6999,-6999,0
100,2013,81,1300,13.99,1.471,34.65,69.8,-1.512,29.28,78.1,2.462,36.43,51.3,.971,33.75,183.1,.975,33.76,65.3,-.021,31.96,39.4,.479,32.86,47.8,1.958,35.53,70.7,-6999,-6999,0,-6999,-6999,0
100,2013,81,1400,14,-2.033,28.34,70.1,-3.037,26.53,78.4,-2.033,28.34,51.2,-2.533,27.44,182.8,-2.033,28.34,123.5,-2.533,27.44,38.3,-2.033,28.34,47.3,-3.033,26.54,71.1,-6999,-6999,0,-6999,-6999,0
100,2013,81,1500,14.04,-6.012,21.18,70.1,-7.51,18.48,78.8,-6.012,21.18,51.1,-6.508,20.29,183.5,-6.012,21.18,123.9,-6.508,20.29,220,-6.008,21.18,47.3,-7.01,19.38,71.5,-6999,-6999,0,-6999,-6999,0
100,2013,81,1600,14.1,-7.5,18.5,71,-9,15.8,82.9,-7.5,18.5,53,-7.5,18.5,183.8,-7.5,18.5,123.9,-7.5,18.5,220,-7,19.39,50.7,-8.5,16.69,76.3,-6999,-6999,0,-6999,-6999,0
100,2013,81,1700,14.14,-7.5,18.49,75.3,-9,15.79,83.5,-7.5,18.49,53.8,-7.5,18.49,184.2,-7.5,18.49,123.9,-7.51,18.48,38.1,-7.5,18.49,51.4,-9,15.79,77.6,-6999,-6999,0,-6999,-6999,0
100,2013,81,1800,14.16,-8,17.59,75.9,-9.5,14.9,84.5,-8,17.6,55.3,-8,17.59,183.9,-8,17.6,123.9,-8.5,16.7,220,-8,17.6,51.9,-9.5,14.9,78.4,-6999,-6999,0,-6999,-6999,0
100,2013,81,1900,14.18,-8.5,16.69,76.4,-9.51,14.89,84.7,-8.01,17.58,55.6,-8.5,16.69,183.8,-8.01,17.58,122.7,-8.5,16.69,43.4,-8,17.59,52.2,-9.51,14.89,78.7,-6999,-6999,0,-6999,-6999,0
100,2013,81,2000,14.2,-9,15.79,77.6,-10.5,13.09,85.7,-9,15.8,56.3,-9,15.79,183.9,-9,15.79,72.1,-9,15.79,220,-8.5,16.69,52.1,-10.5,13.09,79.5,-6999,-6999,0,-6999,-6999,0
100,2013,81,2100,14.22,-9.5,14.89,78.5,-11,12.19,86.8,-9,15.79,56.5,-9.5,14.89,184,-9.5,14.9,123.7,-9.5,14.89,38.5,-9,15.79,53.4,-11,12.19,80.9,-6999,-6999,0,-6999,-6999,0
100,2013,81,2200,14.24,-10.01,13.98,81.1,-11.51,11.29,89,-9.51,14.89,58.2,-10.01,13.98,184.6,-9.51,14.88,124.1,-10.01,13.98,40.2,-9.51,14.89,52.5,-11.51,11.29,82.6,-6999,-6999,0,-6999,-6999,0
100,2013,81,2300,14.26,-11.01,12.18,85.1,-12.51,9.48,93.6,-10.51,13.08,60.5,-11.02,12.17,184.8,-11.01,12.18,120.1,-11.01,12.18,44,-10.51,13.08,56.7,-12.51,9.48,87.9,-6999,-6999,0,-6999,-6999,0
100,2013,81,2400,14.28,-12,10.39,85.3,-13.5,7.69,93.7,-11.5,11.29,60.3,-13,8.61,184.7,-12,10.4,123.9,-12,10.39,45.1,-12,10.4,56.7,-13.5,7.7,87.9,-6999,-6999,0,-6999,-6999,0
100,2013,82,100,14.3,-12.5,9.5,87.5,-14,6.8,95.1,-12,10.4,60.7,-12.5,9.5,184.3,-12,10.39,124.2,-12.5,9.5,42.7,-12,10.39,57.3,-13.5,7.69,90.3,-6999,-6999,0,-6999,-6999,0
100,2013,82,200,14.31,-12.51,9.48,89.8,-14.01,6.777,98.3,-12.01,10.38,62.8,-12.51,9.48,184.2,-12.51,9.48,83.1,-12.51,9.48,46.8,-12.51,9.48,59.5,-14.01,6.777,93.8,-6999,-6999,0,-6999,-6999,0
100,2013,82,300,14.33,-14,6.792,89.5,-15.5,4.093,98,-13.5,7.69,62.8,-14,6.792,184.4,-13.51,7.69,82.8,-14,6.792,47.4,-13.51,7.69,58.2,-15.5,4.093,92.7,-6999,-6999,0,-6999,-6999,0
100,2013,82,400,14.35,-14.5,5.9,89.5,-16,3.2,97.9,-14,6.792,62.9,-14.5,5.9,184.9,-14.5,5.9,82.8,-14.5,5.9,220,-14.5,5.9,58.9,-16,3.2,92.7,-6999,-6999,0,-6999,-6999,0
100,2013,82,500,14.37,-14.5,5.893,89.6,-16,3.193,98,-14.5,5.893,62.9,-14.5,5.893,184.9,-14.5,5.893,82.9,-14.5,5.893,220,-14.5,5.893,59.3,-16,3.193,92.9,-6999,-6999,0,-6999,-6999,0
100,2013,82,600,14.38,-15,4.992,87,-16.5,2.293,97.7,-15,4.992,63.3,-15,4.992,185,-15,4.992,83,-15,4.992,220,-15,4.992,57.7,-16.5,2.293,93,-6999,-6999,0,-6999,-6999,0
100,2013,82,700,14.4,-15.5,4.1,89.2,-17,1.4,97.7,-15.5,4.1,63.7,-15.5,4.1,185,-15.5,4.1,83,-15.5,4.1,220,-15.5,4.1,59.8,-17,1.4,93,-6999,-6999,0,-6999,-6999,0
100,2013,82,800,14.41,-15.5,4.1,90.2,-17,1.4,98,-15.5,4.1,64.4,-15.5,4.1,185,-15.5,4.108,83.3,-15.5,4.1,49.2,-15.5,4.1,59.4,-17,1.4,94.1,-6999,-6999,0,-6999,-6999,0
100,2013,82,900,14.42,-15.5,4.108,90.4,-17,1.408,98.7,-15.5,4.108,64.5,-15.5,4.1,184.3,-15,5.008,83.8,-15.5,4.1,48.6,-15.5,4.108,59.9,-17,1.408,94,-6999,-6999,0,-6999,-6999,0
100,2013,82,1000,14.42,-15,5,90.5,-16.5,2.308,96.3,-15,5.008,65,-15.5,4.108,184.9,-14.5,5.9,84.1,-15.5,4.108,48.6,-15,5,60.2,-16.5,2.308,93.9,-6999,-6999,0,-6999,-6999,0
100,2013,82,1100,14.41,-15,5.008,91.2,-16,3.208,99.3,-14.5,5.908,65.4,-15,5.008,76.7,-14.49,5.915,84.4,-15,5.008,49.4,-15,5.008,60.9,-16,3.208,93.8,-6999,-6999,0,-6999,-6999,0
100,2013,82,1200,14.39,-14.49,5.915,90.9,-15.49,4.115,99,-13.99,6.815,65.3,-14.5,5.908,184.5,-13.5,7.71,124,-14.49,5.915,48.1,-14.49,5.915,60.4,-15.49,4.115,93.5,-6999,-6999,0,-6999,-6999,0
100,2013,82,1300,14.38,-13.49,7.72,90.6,-14.5,5.908,99,-13,8.61,65.3,-13.99,6.815,184.8,-12.99,8.61,124.2,-13.5,7.71,220,-13.5,7.7,60.7,-14.5,5.908,93.4,-6999,-6999,0,-6999,-6999,0
100,2013,82,1400,14.37,-12.51,9.48,90.5,-14,6.792,98.7,-12.5,9.49,65.2,-13,8.59,184.8,-12,10.39,124.9,-13,8.59,49.7,-13.5,7.7,60.6,-14,6.8,93.4,-6999,-6999,0,-6999,-6999,0
100,2013,82,1500,14.36,-13.5,7.69,90.6,-14.5,5.893,98.6,-13,8.6,64.7,-13.5,7.69,184.8,-12.51,9.48,124,-13.5,7.69,220,-13.5,7.69,60.7,-14.01,6.785,93.6,-6999,-6999,0,-6999,-6999,0
100,2013,82,1600,14.36,-14,6.8,90.6,-15,4.992,98.8,-13.01,8.58,65.8,-14,6.792,184.9,-13.5,7.69,124,-14,6.8,48.3,-14,6.792,61.1,-15,4.992,93.8,-6999,-6999,0,-6999,-6999,0
100,2013,82,1700,14.37,-14.01,6.785,90.5,-15.5,4.093,98.6,-14,6.792,65.5,-14.5,5.893,185.2,-14,6.792,119.9,-14.01,6.785,220,-14.5,5.893,60.7,-15.51,4.085,94,-6999,-6999,0,-6999,-6999,0
100,2013,82,1800,14.38,-15.01,4.985,90.4,-16.01,3.178,98.6,-14.51,5.885,65.7,-15.01,4.985,185.3,-14.51,5.878,84,-15.01,4.985,220,-15.01,4.985,61,-16.51,2.285,94.3,-6999,-6999,0,-6999,-6999,0
100,2013,82,1900,14.4,-16.02,3.17,90.4,-17.51,.478,98.2,-15.52,4.07,65.6,-16.01,3.178,185.1,-16.01,3.178,83.7,-16.01,3.178,220,-16.01,3.178,60.8,-17.52,.47,93.2,-6999,-6999,0,-6999,-6999,0
100,2013,82,2000,14.43,-18,-.4,89.9,-19,-2.207,98.1,-17.5,.5,65.5,-17.5,.493,184.8,-17.5,.493,83.8,-17.5,.493,220,-17.5,.493,60.6,-19.5,-3.1,93.2,-6999,-6999,0,-6999,-6999,0
100,2013,82,2100,14.45,-18,-.392,89.8,-19.5,-3.1,98,-17.5,.5,65.3,-18,-.4,184.8,-18,-.392,83.3,-18,-.4,220,-18,-.392,60.5,-19.5,-3.1,93.2,-6999,-6999,0,-6999,-6999,0
100,2013,82,2200,14.46,-17.5,.493,89.5,-19.5,-3.1,97.7,-17.5,.5,65.1,-18,-.4,184.8,-17.5,.493,83.4,-18,-.4,47.1,-17.5,.493,60.4,-19.5,-3.1,92.9,-6999,-6999,0,-6999,-6999,0
100,2013,82,2300,14.48,-18,-.392,89.3,-19.5,-3.093,97.4,-17.5,.5,65.3,-18,-.392,184.7,-18,-.392,82.8,-18,-.392,47.5,-17.99,-.385,60.4,-19.5,-3.093,92.6,-6999,-6999,0,-6999,-6999,0
100,2013,82,2400,14.48,-17.52,.47,89.1,-19.02,-2.23,97,-17.51,.478,64.8,-17.52,.47,184.6,-17.52,.47,82.7,-17.52,.47,46.9,-17.02,1.37,59.9,-19.02,-2.23,92,-6999,-6999,0,-6999,-6999,0
100,2013,83,100,14.49,-19.5,-3.1,89.1,-21,-5.8,97,-19,-2.207,64.9,-19.5,-3.1,185.2,-19.5,-3.1,82.7,-19.5,-3.1,47.1,-19,-2.2,59.9,-21,-5.8,91.7,-6999,-6999,0,-6999,-6999,0
100,2013,83,200,14.51,-19.5,-3.1,88.6,-21,-5.8,96.6,-19.5,-3.1,64.8,-19.5,-3.108,184.9,-19.5,-3.1,82.2,-19.5,-3.1,46.8,-19,-2.207,59.9,-21,-5.8,91.7,-6999,-6999,0,-6999,-6999,0
100,2013,83,300,14.52,-19.5,-3.1,88.6,-21,-5.8,96.6,-19.5,-3.093,64.6,-20,-3.992,75.5,-19.5,-3.093,82.2,-19.5,-3.1,47.3,-19.5,-3.093,59.9,-21,-5.8,91.7,-6999,-6999,0,-6999,-6999,0
100,2013,83,400,14.52,-19.49,-3.078,88.2,-20.99,-5.785,96.5,-18.99,-2.185,64.6,-19.49,-3.085,75.4,-18.99,-2.185,82.1,-19.49,-3.078,42.9,-18.99,-2.185,59.8,-20.99,-5.777,91.3,-6999,-6999,0,-6999,-6999,0
100,2013,83,500,14.52,-17.99,-.385,88.4,-19.99,-3.977,96.1,-17.99,-.385,64.3,-18.49,-1.285,71.4,-17.99,-.385,81.9,-17.99,-.385,220,-17.99,-.385,59.6,-19.49,-3.085,91.1,-6999,-6999,0,-6999,-6999,0
100,2013,83,600,14.5,-17,1.408,88.3,-18.5,-1.292,96.4,-17,1.408,64.7,-17.5,.507,182.8,-17,1.408,82.3,-17,1.408,49.3,-17,1.408,49.7,-18.5,-1.292,91,-6999,-6999,0,-6999,-6999,0
100,2013,83,700,14.49,-16.5,2.3,88.3,-18,-.4,96.4,-16.5,2.3,54.1,-17,1.408,183.7,-16.5,2.3,82.3,-16.5,2.3,220,-16.5,2.3,60.3,-18,-.4,91.3,-6999,-6999,0,-6999,-6999,0
100,2013,83,800,14.47,-16.49,2.315,88.4,-17.99,-.385,96.3,-16.49,2.315,64.7,-16.49,2.315,184.6,-16.49,2.323,82.1,-16.49,2.315,220,-16.49,2.315,60.2,-17.99,-.385,91,-6999,-6999,0,-6999,-6999,0
100,2013,83,900,14.46,-15.49,4.115,88.1,-16.99,1.423,96,-15.49,4.123,64.4,-15.49,4.115,183.4,-14.99,5.015,82,-15.49,4.115,220,-15.49,4.115,60.3,-16.99,1.423,90.7,-6999,-6999,0,-6999,-6999,0
100,2013,83,1000,14.42,-14.49,5.915,87.8,-15.49,4.115,95.8,-13.99,6.815,63.8,-14.49,5.915,184.3,-13.99,6.815,124,-14.49,5.915,220,-14.49,5.915,60.1,-15.49,4.115,90.4,-6999,-6999,0,-6999,-6999,0
100,2013,83,1100,14.4,-13.5,7.69,88,-14.5,5.893,96,-13,8.59,65.1,-13.5,7.69,184.2,-13,8.59,121.2,-13.5,7.69,220,-13.5,7.69,60,-14.5,5.893,90.5,-6999,-6999,0,-6999,-6999,0
100,2013,83,1200,14.4,-14,6.807,88.2,-15,5,96.4,-13.5,7.7,65.4,-14,6.8,184.2,-13.5,7.7,123.5,-14,6.8,42.9,-14,6.8,60.4,-15,5,91.9,-6999,-6999,0,-6999,-6999,0
100,2013,83,1300,14.38,-13.5,7.7,88.2,-15,5,96,-13.5,7.71,65.3,-14,6.8,184.5,-13.5,7.7,124.3,-14,6.807,220,-14,6.8,60.5,-15,5,91.9,-6999,-6999,0,-6999,-6999,0
100,2013,83,1400,14.37,-13.5,7.71,88,-15,5.008,96.3,-13,8.6,65.2,-14,6.807,184.8,-13.5,7.71,124.3,-13.5,7.71,220,-14,6.807,60.7,-14.99,5.015,91.7,-6999,-6999,0,-6999,-6999,0
100,2013,83,1500,14.36,-13.01,8.58,88.5,-14.51,5.878,96.4,-13.01,8.58,65.7,-13.51,7.69,184.2,-13.01,8.58,124.3,-13.01,8.58,220,-13.51,7.69,60.9,-14.01,6.777,92,-6999,-6999,0,-6999,-6999,0
100,2013,83,1600,14.37,-14.5,5.893,89,-16,3.193,96.8,-14.01,6.785,66.3,-14.5,5.893,184.2,-14.01,6.785,82.9,-14.5,5.893,48.9,-14.5,5.893,61.2,-15.51,4.085,92.3,-6999,-6999,0,-6999,-6999,0
100,2013,83,1700,14.39,-15,4.992,88.8,-16.5,2.293,96.9,-15,5,66.3,-15,4.992,185,-15,5,82.9,-15,4.992,46.8,-15,4.992,61.4,-16.5,2.293,92.4,-6999,-6999,0,-6999,-6999,0
100,2013,83,1800,14.4,-15.5,4.1,88.8,-17,1.4,96.6,-15,4.992,66.3,-15.5,4.093,185,-15,4.992,83,-15.5,4.1,50,-15.5,4.1,61.2,-17,1.4,92.4,-6999,-6999,0,-6999,-6999,0
100,2013,83,1900,14.41,-15.51,4.085,88.7,-17.01,1.385,96.5,-15.5,4.093,66.1,-16,3.193,185,-15.5,4.093,82.6,-15.51,4.085,49.7,-15.5,4.093,61.1,-17.01,1.385,91.3,-6999,-6999,0,-6999,-6999,0
100,2013,83,2000,14.43,-16.5,2.308,88.6,-18,-.392,96.2,-16,3.2,66.1,-16.5,2.3,185,-16,3.2,82.6,-16.5,2.308,49.5,-16,3.2,61.1,-18,-.392,91.1,-6999,-6999,0,-6999,-6999,0
100,2013,83,2100,14.44,-16,3.193,88.3,-17.5,.493,96.2,-16,3.193,66.1,-16.5,2.3,184.6,-16,3.193,82.3,-16,3.193,49.8,-16,3.193,61.1,-17.5,.493,91,-6999,-6999,0,-6999,-6999,0
100,2013,83,2200,14.44,-16.5,2.3,88.3,-18,-.4,95.7,-16.5,2.3,66,-16.5,2.3,184.6,-16.5,2.3,82.3,-16.5,2.3,46.6,-16.5,2.3,60.9,-18,-.4,91,-6999,-6999,0,-6999,-6999,0
100,2013,83,2300,14.45,-16.5,2.3,87.8,-18,-.4,95.6,-16.5,2.3,66,-16.5,2.3,184.6,-16.5,2.3,82.3,-16.5,2.3,220,-16.5,2.3,60.8,-18,-.4,91,-6999,-6999,0,-6999,-6999,0
100,2013,83,2400,14.46,-16.5,2.3,87.8,-18,-.4,95.6,-16.5,2.3,66,-16.5,2.3,184.6,-16.5,2.3,82.3,-16.5,2.3,220,-16.5,2.3,60.8,-18,-.4,91,-6999,-6999,0,-6999,-6999,0
100,2013,84,100,14.46,-16.5,2.3,87.8,-18,-.4,95.7,-16.5,2.308,65.8,-16.5,2.3,184.6,-16.5,2.3,82.3,-16.5,2.3,220,-16.5,2.3,60.8,-18,-.4,91,-6999,-6999,0,-6999,-6999,0
100,2013,84,200,14.46,-16.5,2.3,87.8,-18,-.4,95.6,-16,3.2,65.6,-16.5,2.3,184.3,-16.5,2.308,81.8,-16.5,2.3,220,-16.5,2.308,60.7,-18,-.392,90.8,-6999,-6999,0,-6999,-6999,0
100,2013,84,300,14.46,-16.5,2.3,87.8,-18,-.4,95.6,-16,3.2,65.6,-16.5,2.3,184.3,-16,3.193,81.8,-16.5,2.3,220,-16,3.2,60.7,-17.5,.493,91,-6999,-6999,0,-6999,-6999,0
100,2013,84,400,14.45,-16.5,2.3,87.3,-18,-.4,95.2,-16,3.193,65.6,-16.5,2.3,183.7,-16.5,2.3,81.8,-16.5,2.3,220,-16,3.193,60.6,-18,-.4,90.2,-6999,-6999,0,-6999,-6999,0
100,2013,84,500,14.46,-16.5,2.293,87.4,-18,-.407,95.2,-16.5,2.293,65.5,-16.5,2.293,182.9,-16.5,2.293,81.3,-16.5,2.293,220,-16.5,2.293,60.4,-18,-.407,90.3,-6999,-6999,0,-6999,-6999,0
100,2013,84,600,14.46,-17,1.4,86.9,-18.5,-1.307,95,-17,1.4,65.5,-17,1.393,182,-17,1.393,81.3,-17,1.393,220,-17,1.4,60.4,-18.5,-1.3,90.3,-6999,-6999,0,-6999,-6999,0
100,2013,84,700,14.47,-16.99,1.415,87.2,-18.99,-2.177,94.9,-16.99,1.415,65.5,-17.49,.522,183.5,-17.49,.522,81.1,-17.49,.522,220,-16.99,1.415,60.5,-18.49,-1.285,90,-6999,-6999,0,-6999,-6999,0
100,2013,84,800,14.46,-15.99,3.223,87.2,-17.49,.522,95.2,-15.99,3.223,65.8,-15.99,3.223,183.6,-15.99,3.223,81.5,-15.99,3.223,47.3,-15.99,3.223,60.1,-17.49,.522,90.5,-6999,-6999,0,-6999,-6999,0
100,2013,84,900,14.43,-14.48,5.93,87.1,-15.95,3.298,93.8,-14.48,5.938,65.5,-14.47,5.953,183.9,-14.48,5.938,81.6,-14.48,5.93,46.4,-14.48,5.93,60.2,-15.98,3.23,90.3,-6999,-6999,0,-6999,-6999,0
100,2013,84,1000,14.39,-12.49,9.52,87.1,-9.52,14.87,94.6,-11.97,10.45,65.1,-11,12.21,183.9,-11.98,10.43,133.8,-12.46,9.57,45.3,-12.48,9.53,60.3,-13.95,6.882,88.9,-6999,-6999,0,-6999,-6999,0
100,2013,84,1100,14.26,-10.99,12.22,86.7,-11.49,11.32,94.5,-8.5,16.71,65,-10.49,13.12,184.6,-10,14.01,132.5,-8.01,17.58,48.9,-10.47,13.16,60,-8.49,16.72,88.7,-6999,-6999,0,-6999,-6999,0
100,2013,84,1200,14.22,-9.47,14.96,85.9,-10.49,13.11,94.6,-7.99,17.61,65,-8.98,15.83,184.4,-9.47,14.95,80.9,-8.99,15.82,49,-6.504,20.29,59.9,-6.983,19.43,88.4,-6999,-6999,0,-6999,-6999,0
100,2013,84,1300,14.21,-5.504,22.09,86.5,-9.48,14.94,94.3,-6.992,19.42,65.3,-6.996,19.41,184.7,-6.496,20.31,80.8,-7.98,17.63,49.6,-6.996,19.41,60.1,-5.021,22.96,88.7,-6999,-6999,0,-6999,-6999,0
100,2013,84,1400,14.2,-6.004,21.19,86.7,-7.01,19.39,94.3,-6,21.2,65,-6.5,20.3,184.4,-6.004,21.19,133.3,-6,21.2,49.6,-6.504,20.29,60.1,-7.5,18.49,88.8,-6999,-6999,0,-6999,-6999,0
100,2013,84,1500,14.19,-6.504,20.29,86.3,-8,17.59,94.3,-6.008,21.18,65.1,-6.5,20.3,184.6,-6.504,20.29,134.2,-6.008,21.18,50.1,-6.996,19.41,60,-8,17.59,88.9,-6999,-6999,0,-6999,-6999,0
100,2013,84,1600,14.18,-7,19.39,86.5,-8.51,16.68,94.1,-7.01,19.39,65.1,-6.512,20.28,184.5,-7.01,19.39,133.7,-7.01,19.39,49.9,-6.508,20.29,59.8,-8.51,16.68,88.9,-6999,-6999,0,-6999,-6999,0
100,2013,84,1700,14.18,-7.52,18.47,86.2,-9.51,14.88,94,-8.01,17.58,65.1,-8.01,17.58,185.5,-8.01,17.58,80.1,-8.01,17.58,50.2,-7.52,18.47,59.9,-9.51,14.88,89.2,-6999,-6999,0,-6999,-6999,0
100,2013,84,1800,14.21,-9.52,14.87,86,-11.02,12.17,93.9,-9.52,14.87,64.7,-9.51,14.88,185.5,-9.52,14.87,80.1,-9.52,14.87,50,-9.52,14.87,59.7,-11.02,12.16,89.2,-6999,-6999,0,-6999,-6999,0
100,2013,84,1900,14.24,-11.52,11.26,86.2,-13.02,8.56,93.9,-11.52,11.27,64.7,-11.02,12.15,185.1,-11.52,11.26,80.5,-11.52,11.27,49.9,-11.52,11.27,59.6,-13.52,7.67,88.4,-6999,-6999,0,-6999,-6999,0
100,2013,84,2000,14.28,-14.01,6.777,86.2,-15.51,4.078,93.8,-13.51,7.68,64.7,-14.01,6.777,185.9,-14.01,6.785,80.6,-13.52,7.67,50,-13.51,7.68,59.6,-15.51,4.078,88.8,-6999,-6999,0,-6999,-6999,0
100,2013,84,2100,14.33,-15.49,4.123,85.8,-16.99,1.415,93.7,-14.99,5.015,64.4,-15.49,4.115,185.8,-15,5.008,80.4,-15.49,4.123,49.9,-14.99,5.015,59.6,-16.99,1.415,88.5,-6999,-6999,0,-6999,-6999,0
100,2013,84,2200,14.36,-14.01,6.777,85.7,-16.01,3.178,93.6,-14.01,6.777,64.5,-14.51,5.878,186,-14.51,5.885,80.2,-14.01,6.777,49.7,-14.01,6.777,59.6,-16.01,3.185,88.5,-6999,-6999,0,-6999,-6999,0
100,2013,84,2300,14.39,-15.5,4.1,85.7,-17.5,.507,93.5,-15.5,4.108,64.4,-16,3.208,185.9,-15.5,4.108,80.1,-15.5,4.1,49.8,-15.49,4.115,59.3,-17,1.408,88.4,-6999,-6999,0,-6999,-6999,0
100,2013,84,2400,14.41,-15.49,4.115,85.9,-16.99,1.415,93.4,-14.99,5.015,64.4,-15.49,4.115,185.8,-15,5.008,80.1,-15.49,4.115,50,-14.5,5.9,59.3,-16.5,2.308,88.2,-6999,-6999,0,-6999,-6999,0
100,2013,85,100,14.4,-14.48,5.93,85.3,-15.98,3.23,93,-13.99,6.822,64.2,-14.49,5.923,185.1,-14.49,5.923,80.3,-14.48,5.93,50,-14.48,5.93,59.2,-15.98,3.23,88.1,-6999,-6999,0,-6999,-6999,0
100,2013,85,200,14.37,-12.49,9.52,85.5,-13.99,6.815,93,-12.49,9.52,64.4,-12.98,8.64,185.2,-12.99,8.62,80.1,-12.49,9.52,49.8,-12.49,9.52,59.1,-13.99,6.822,87.7,-6999,-6999,0,-6999,-6999,0
100,2013,85,300,14.35,-11.5,11.31,85.3,-13,8.61,93,-11.49,11.32,64.3,-10.5,13.09,185.2,-11.5,11.31,80,-11.5,11.31,50,-11,12.21,59.3,-12.5,9.51,87.9,-6999,-6999,0,-6999,-6999,0
100,2013,85,400,14.33,-11,12.21,85.2,-12.5,9.51,93.6,-10.5,13.1,64.3,-11,12.21,185.2,-11,12.21,80,-10.99,12.21,49.1,-10.5,13.1,59,-12,10.4,88.8,-6999,-6999,0,-6999,-6999,0
100,2013,85,500,14.32,-10.5,13.09,85.3,-12,10.39,92.9,-10.5,13.09,63.9,-10.5,13.09,185.2,-10.5,13.09,123.8,-10.01,13.98,49.5,-10.5,13.09,59.1,-12,10.39,87.7,-6999,-6999,0,-6999,-6999,0
100,2013,85,600,14.31,-11,12.21,85.2,-12.5,9.51,92.9,-11,12.21,63.9,-11,12.21,185.2,-11,12.21,121,-11,12.21,48.9,-11,12.21,59,-12.5,9.51,87.5,-6999,-6999,0,-6999,-6999,0
100,2013,85,700,14.28,-10.48,13.14,85,-11.98,10.44,92.8,-10.48,13.14,63.8,-10.48,13.13,184.4,-10.48,13.14,123.6,-10.48,13.14,49,-10.48,13.14,59.1,-11.98,10.44,88.2,-6999,-6999,0,-6999,-6999,0
100,2013,85,800,14.26,-7.99,17.61,85,-9.49,14.92,92.7,-7.99,17.61,63,-8.49,16.71,184.3,-7.99,17.61,79.4,-7.99,17.61,49.6,-8,17.61,59,-9.49,14.92,88,-6999,-6999,0,-6999,-6999,0
100,2013,85,900,14.22,-6.996,19.41,84.9,-8.49,16.71,92.6,-6.996,19.41,63.3,-7.49,18.51,184.4,-6.996,19.41,79.4,-6.996,19.41,50.2,-7.49,18.51,59,-8.49,16.71,87.8,-6999,-6999,0,-6999,-6999,0
100,2013,85,1000,14.18,-6.467,20.36,84.6,-7.47,18.56,92.3,-6.458,20.38,63.1,-6.467,20.36,184.1,-6.467,20.36,133.9,-6.458,20.38,50.3,-6.467,20.36,58.8,-7.45,18.58,87,-6999,-6999,0,-6999,-6999,0
100,2013,85,1100,14.06,-2.492,27.51,84.7,-3.492,25.71,92.2,-1.496,29.31,63.9,-2.492,27.51,184.7,-2.492,27.51,78.9,-1.5,29.3,50.4,-2.483,27.53,58.9,-1.992,28.41,86.8,-6999,-6999,0,-6999,-6999,0
100,2013,85,1200,14.02,-1.475,29.35,84.5,-2.487,27.52,92.5,-.979,30.24,63.5,-1.479,29.34,184.9,-1.475,29.35,78.7,-1.483,29.33,50.5,-.492,31.12,58.9,-.979,30.24,86.7,-6999,-6999,0,-6999,-6999,0
100,2013,85,1300,13.98,1.5,34.7,84.5,-.987,30.22,92.4,1.504,34.71,63.6,1.004,33.81,184.8,1.504,34.71,78.6,.508,32.91,50,.508,32.91,59,1.496,34.69,86.3,-6999,-6999,0,-6999,-6999,0
100,2013,85,1400,13.97,1.492,34.68,84.8,.487,32.88,92.2,1.987,35.58,63.5,1.487,34.68,184.6,1.987,35.58,78.8,1.487,34.68,49.2,1.492,34.68,58.9,.983,33.77,86.8,-6999,-6999,0,-6999,-6999,0
100,2013,85,1500,13.98,.5,32.9,84.2,-1,30.2,92.3,.5,32.9,63.8,.004,32.01,183.5,.5,32.9,78.3,.004,32.01,50.2,.5,32.9,58.9,-1,30.2,86.8,-6999,-6999,0,-6999,-6999,0
100,2013,85,1600,13.97,.492,32.88,84.4,-1.004,30.19,92.2,.496,32.89,63.3,.492,32.88,183.6,.492,32.88,133.4,.492,32.88,49.8,.496,32.89,58.8,-1.004,30.19,86.2,-6999,-6999,0,-6999,-6999,0
100,2013,85,1700,13.98,-.504,31.09,84.2,-1.508,29.29,92,-.008,31.98,63.4,-.508,31.09,183.7,-.504,31.09,133.4,-.508,31.09,49.6,-.008,31.98,58.7,-1.508,29.29,86.5,-6999,-6999,0,-6999,-6999,0
100,2013,85,1800,13.98,-1.012,30.18,84.2,-2.512,27.48,92.1,-1.012,30.18,63.4,-1.508,29.29,183.7,-1.012,30.18,133.9,-1.508,29.29,48.1,-1.012,30.18,58.6,-2.512,27.48,85.6,-6999,-6999,0,-6999,-6999,0
100,2013,85,1900,14,-2.496,27.51,84,-3.996,24.81,92.2,-2.5,27.5,63.7,-2.5,27.5,183.4,-2.5,27.5,133.9,-2.5,27.5,49.1,-2.5,27.5,58.6,-3.996,24.81,85.4,-6999,-6999,0,-6999,-6999,0
100,2013,85,2000,14.02,-2.004,28.39,83.8,-3.504,25.69,91.8,-2.5,27.5,63.2,-2.504,27.49,181.6,-2.504,27.49,78.3,-2.5,27.5,46.4,-2.5,27.5,58.3,-3.504,25.69,85.4,-6999,-6999,0,-6999,-6999,0
100,2013,85,2100,14.03,-2.504,27.49,84,-4.004,24.79,91.8,-2.504,27.49,63.2,-3,26.6,72.4,-3,26.6,134,-2.504,27.49,47.3,-2.504,27.49,58.4,-4.004,24.79,85.5,-6999,-6999,0,-6999,-6999,0
100,2013,85,2200,14.04,-3.008,26.59,83.8,-4.508,23.88,91.8,-3.008,26.59,63.6,-3.008,26.59,72.9,-3.008,26.59,124.3,-3.008,26.59,47.6,-3.008,26.59,58.3,-4.508,23.88,85.9,-6999,-6999,0,-6999,-6999,0
100,2013,85,2300,14.06,-4.004,24.79,84,-5.504,22.09,91.7,-4.004,24.79,63.6,-4.004,24.79,72.9,-4.004,24.79,123.7,-4.004,24.79,47.6,-4.004,24.79,58.4,-5.504,22.09,86,-6999,-6999,0,-6999,-6999,0
100,2013,85,2400,14.07,-4.5,23.9,84,-6,21.2,91.7,-4.5,23.9,63.6,-4.5,23.9,72.7,-4.5,23.9,123.7,-4.496,23.91,48.3,-4.496,23.91,58.3,-5.996,21.21,85.9,-6999,-6999,0,-6999,-6999,0
100,2013,86,100,14.08,-4.492,23.91,84,-5.996,21.21,91.8,-4.492,23.91,63.4,-4.492,23.91,72.8,-4.492,23.91,123.3,-3.996,24.81,47.3,-3.996,24.81,58.3,-5.496,22.11,85.8,-6999,-6999,0,-6999,-6999,0
100,2013,86,200,14.08,-3.504,25.69,83.8,-5.5,22.1,91.6,-3.504,25.69,63.4,-3.504,25.69,71.8,-3.504,25.69,122.4,-3.504,25.69,49.1,-3.504,25.69,58.3,-5.004,22.99,85.9,-6999,-6999,0,-6999,-6999,0
100,2013,86,300,14.08,-4,24.8,83.8,-5.5,22.1,91.6,-4,24.8,63.6,-4,24.8,71.1,-4,24.8,123.7,-4,24.8,49.1,-4,24.8,58.3,-5.5,22.1,85.9,-6999,-6999,0,-6999,-6999,0
100,2013,86,400,14.08,-4.004,24.79,84.3,-5.504,22.09,91.2,-4.004,24.79,62.6,-4.004,24.79,72.3,-4.004,24.79,79.1,-4.004,24.79,48.3,-4.004,24.79,57.5,-5.5,22.1,85.9,-6999,-6999,0,-6999,-6999,0
100,2013,86,500,14.09,-4.5,23.9,83.5,-6,21.2,91.6,-4.5,23.9,63.6,-4.5,23.9,72.3,-4.5,23.9,120.1,-4.5,23.9,49,-4.5,23.9,58.4,-5.504,22.09,85.7,-6999,-6999,0,-6999,-6999,0
100,2013,86,600,14.1,-4.5,23.9,84,-6,21.2,91,-4.5,23.9,62.7,-4.5,23.9,71.9,-4.5,23.9,120.6,-4.5,23.9,47.8,-4.5,23.9,57.6,-6,21.2,85.4,-6999,-6999,0,-6999,-6999,0
100,2013,86,700,14.1,-4.496,23.91,84.1,-5.996,21.21,90.9,-4.496,23.91,63.4,-4.5,23.9,71.9,-4.5,23.9,123.7,-4.5,23.9,47.8,-4.5,23.9,57.3,-5.996,21.21,85.3,-6999,-6999,0,-6999,-6999,0
100,2013,86,800,14.09,-3.992,24.82,84.3,-5.492,22.12,90.8,-3.992,24.82,63.4,-4.487,23.92,71.9,-4.487,23.92,134,-4.487,23.92,47.6,-4.487,23.92,57.3,-5.492,22.12,86,-6999,-6999,0,-6999,-6999,0
100,2013,86,900,14.06,-2.979,26.64,84.4,-4.45,23.99,90.2,-2.975,26.65,63.8,-2.975,26.65,184.6,-2.975,26.65,78.4,-2.983,26.63,46.7,-2.975,26.65,57.6,-4.479,23.94,86.3,-6999,-6999,0,-6999,-6999,0
100,2013,86,1000,14.02,-.483,31.13,84.5,1.496,34.69,91.3,.025,32.04,63.3,.017,32.03,184.4,.017,32.03,78.1,-.962,30.27,46.4,.012,32.02,58.5,-1.958,28.47,85.8,-6999,-6999,0,-6999,-6999,0
100,2013,86,1100,13.92,1.512,34.72,84.1,1.012,33.82,91.1,3.008,37.41,62.3,2.012,35.62,185,2.008,35.62,77.9,3.5,38.3,45.9,1.533,34.76,56.9,3.017,37.43,83.5,-6999,-6999,0,-6999,-6999,0
100,2013,86,1200,13.9,3.017,37.43,82.1,2.496,36.49,91.3,4.004,39.21,60.6,3.508,38.32,184.9,3.012,37.42,77.2,3.5,38.3,47.9,5.492,41.88,56.2,4.992,40.99,83.8,-6999,-6999,0,-6999,-6999,0
100,2013,86,1300,13.9,4.979,40.96,82.4,1.996,35.59,90.7,4.483,40.07,60.9,4.483,40.07,184.7,4.487,40.08,76.5,3.492,38.29,48.7,4.483,40.07,56.2,3.983,39.17,83.4,-6999,-6999,0,-6999,-6999,0
100,2013,86,1400,13.9,2.517,36.53,81.9,1.512,34.72,91.3,2.517,36.53,60.9,2.512,36.52,184.6,3.012,37.42,76.3,2.517,36.53,48.6,2.517,36.53,56,2.012,35.62,83.5,-6999,-6999,0,-6999,-6999,0
100,2013,86,1500,13.9,4.496,40.09,82,2.996,37.39,90.8,4.496,40.09,60.6,4,39.2,184.6,4.492,40.09,76.5,4.492,40.09,48.2,4.496,40.09,55.6,3.492,38.29,82.1,-6999,-6999,0,-6999,-6999,0
100,2013,86,1600,13.9,3.992,39.18,81.8,2.492,36.49,90.5,3.992,39.18,60.6,3.987,39.18,184.4,3.496,38.29,76.1,3.496,38.29,48.2,3.992,39.18,55.7,2.492,36.49,82.1,-6999,-6999,0,-6999,-6999,0
100,2013,86,1700,13.9,2.983,37.37,81.8,1.483,34.67,90.7,2.983,37.37,60.7,2.487,36.48,183.9,2.983,37.37,75.9,2.983,37.37,48.4,2.983,37.37,55.8,1.487,34.68,82.1,-6999,-6999,0,-6999,-6999,0
100,2013,86,1800,13.92,.992,33.79,81.6,-.504,31.09,90.4,.996,33.79,60.5,.992,33.79,183.9,.992,33.79,133.8,.992,33.79,48.3,.992,33.79,55.8,-.008,31.98,82.3,-6999,-6999,0,-6999,-6999,0
100,2013,86,1900,13.94,-.017,31.97,81.7,-1.021,30.16,90.3,.479,32.86,60.4,-.017,31.97,183.7,-.017,31.97,133.9,-.017,31.97,48.1,-.017,31.97,55.7,-1.021,30.16,82.9,-6999,-6999,0,-6999,-6999,0
100,2013,86,2000,13.96,-2.008,28.38,81.5,-3.504,25.69,90.3,-2.004,28.39,60.6,-2.004,28.39,183.4,-2.004,28.39,133.9,-2.004,28.39,48.3,-2.004,28.39,55.7,-3.504,25.69,82.8,-6999,-6999,0,-6999,-6999,0
100,2013,86,2100,13.99,-3.004,26.59,81.3,-4.008,24.79,90.3,-2.508,27.48,60.6,-2.508,27.48,183.5,-2.508,27.48,123.6,-2.508,27.48,48.1,-2.508,27.48,55.4,-4.008,24.79,83.1,-6999,-6999,0,-6999,-6999,0
100,2013,86,2200,14.02,-3.508,25.68,81.7,-5.008,22.98,90.2,-3.508,25.68,60.6,-3.508,25.68,183.9,-3.508,25.68,123.7,-3.508,25.68,48.2,-3.508,25.68,55.6,-5.008,22.98,81.8,-6999,-6999,0,-6999,-6999,0
100,2013,86,2300,14.04,-4.508,23.88,81.4,-6.008,21.18,90.2,-4.508,23.88,60.6,-4.508,23.88,183.6,-4.508,23.88,75.4,-4.508,23.88,48.1,-4.508,23.88,55.5,-6.008,21.18,82.1,-6999,-6999,0,-6999,-6999,0
100,2013,86,2400,14.08,-5.504,22.09,81.1,-7,19.39,90.1,-5.504,22.09,60.7,-5.504,22.09,181.7,-5.504,22.09,121.2,-5.504,22.09,48.1,-5.504,22.09,55.5,-7,19.39,81.6,-6999,-6999,0,-6999,-6999,0
100,2013,87,100,14.1,-6.004,21.19,81.3,-7.5,18.49,90.1,-6.004,21.19,60.6,-6.004,21.19,180.8,-6.004,21.19,75.5,-6.004,21.19,48.1,-6.004,21.19,55.6,-7.5,18.49,81.8,-6999,-6999,0,-6999,-6999,0
100,2013,87,200,14.13,-6.504,20.29,81.4,-8,17.59,90,-6.5,20.3,60.6,-6.504,20.29,71,-6.504,20.29,123.5,-6.504,20.29,48.1,-6.5,20.3,55.4,-8,17.59,81.9,-6999,-6999,0,-6999,-6999,0
100,2013,87,300,14.14,-6.987,19.42,81,-8.49,16.72,89.8,-6.492,20.32,60.6,-6.987,19.42,70.9,-6.992,19.42,123.5,-6.987,19.42,47.8,-6.492,20.32,55.5,-8.49,16.72,81.5,-6999,-6999,0,-6999,-6999,0
100,2013,87,400,14.15,-5.5,22.1,81,-7,19.4,89.8,-5.5,22.1,60.4,-5.5,22.1,180.9,-6,21.2,120.6,-5.5,22.1,47.8,-5.5,22.1,55.4,-7,19.4,81.5,-6999,-6999,0,-6999,-6999,0
100,2013,87,500,14.15,-5.504,22.09,81.1,-7,19.39,89.8,-5.504,22.09,60.4,-5.504,22.09,70.7,-6.004,21.19,120.7,-5.504,22.09,47.8,-5.504,22.09,55.5,-7,19.39,81.6,-6999,-6999,0,-6999,-6999,0
100,2013,87,600,14.15,-6,21.2,81.1,-7.5,18.5,89.8,-6,21.2,60.6,-6,21.2,180.9,-6.496,20.31,119.7,-6,21.2,48,-5.996,21.21,55.4,-7.5,18.5,81.6,-6999,-6999,0,-6999,-6999,0
100,2013,87,700,14.15,-5.992,21.21,80.8,-7.49,18.51,89.7,-5.992,21.21,60.4,-5.996,21.21,181,-5.996,21.21,75.4,-5.996,21.21,48,-5.496,22.11,55.4,-7.49,18.51,81.4,-6999,-6999,0,-6999,-6999,0
100,2013,87,800,14.13,-4.987,23.02,80.8,-6.487,20.32,89.8,-4.987,23.02,60.3,-5.483,22.13,70.6,-5.483,22.13,75.1,-5.483,22.13,47.8,-4.987,23.02,55.4,-6.483,20.33,81.4,-6999,-6999,0,-6999,-6999,0
100,2013,87,900,14.09,-3.475,25.74,81,-4.975,23.04,89.6,-3.475,25.74,60.3,-3.479,25.74,183,-3.475,25.74,134.4,-3.479,25.74,48,-3.475,25.74,55.6,-4.475,23.94,82.4,-6999,-6999,0,-6999,-6999,0
100,2013,87,1000,14.04,-.475,31.15,80.9,-1.971,28.45,89.4,-.471,31.15,60.4,-.971,30.25,183.7,-.475,31.15,75.2,-.971,30.25,47.5,-.475,31.15,55.3,-1.475,29.35,81.7,-6999,-6999,0,-6999,-6999,0
100,2013,87,1100,13.98,2.508,36.51,80.6,1.508,34.71,89.2,3.008,37.41,60.3,2.508,36.51,184.7,2.508,36.51,75,2.508,36.51,47.6,2.512,36.52,55,1.517,34.73,81.2,-6999,-6999,0,-6999,-6999,0
100,2013,87,1200,13.94,3.508,38.32,80.8,2.504,36.51,89.5,4.004,39.21,60.5,3.504,38.31,184.6,3.508,38.32,74.9,3.508,38.32,47.1,4.004,39.21,55.2,3.504,38.31,81.1,-6999,-6999,0,-6999,-6999,0