100,2013,127,1400,13.72,9.99,49.98,112.9,8.49,47.28,118,9.49,49.09,77.8,9.49,49.09,184.3,9.49,49.08,98.4,9,48.19,55.6,8.99,48.19,76,8.98,48.17,104,-6999,-6999,0,-6999,-6999,0
100,2013,127,1500,13.71,8.5,47.3,112.4,6.996,44.59,118,8.5,47.29,77.4,8.5,47.29,184.1,8,46.4,97.9,8.5,47.29,58,8,46.4,75.7,7,44.6,103.7,-6999,-6999,0,-6999,-6999,0
100,2013,127,1600,13.73,8.48,47.27,111.9,6.492,43.69,117.9,7.99,46.38,76.7,7.99,46.38,183.8,7.98,46.37,97.8,7.99,46.38,58.3,7.99,46.38,75.4,6.987,44.58,104,-6999,-6999,0,-6999,-6999,0
100,2013,127,1700,13.74,6.496,43.69,111.1,5.492,41.88,117.5,6.496,43.69,76.8,6.496,43.69,182.6,5.996,42.79,97.4,6.496,43.69,57.9,6.987,44.58,75.7,5.492,41.88,103.4,-6999,-6999,0,-6999,-6999,0
100,2013,127,1800,13.77,5.979,42.76,111.1,4.479,40.06,117.2,5.979,42.76,77,5.975,42.75,183.3,5.479,41.86,97.1,5.979,42.76,57,5.479,41.86,75.4,4.479,40.06,103.6,-6999,-6999,0,-6999,-6999,0
100,2013,127,1900,13.81,3.483,38.27,111.2,1.987,35.58,117.5,3.487,38.28,76.9,2.987,37.38,183.1,2.987,37.38,97.3,3.483,38.27,58.1,2.987,37.38,75.3,1.987,35.58,103.9,-6999,-6999,0,-6999,-6999,0
100,2013,127,2000,13.86,1.496,34.69,111.3,.492,32.88,117.2,1.992,35.59,76.8,1.496,34.69,181,1.496,34.69,133.8,1.496,34.69,58.2,1.496,34.69,75.2,.492,32.88,103.7,-6999,-6999,0,-6999,-6999,0
100,2013,127,2100,13.9,1,33.8,111.3,-.5,31.1,117.1,1,33.8,76.5,1,33.8,180.3,1,33.8,133.8,1,33.8,58.4,1,33.8,75.2,-.5,31.1,103.7,-6999,-6999,0,-6999,-6999,0
100,2013,127,2200,13.92,.996,33.79,111.4,-.504,31.09,117,.996,33.79,76.7,.996,33.79,86.9,.996,33.79,133.8,.996,33.79,58.5,.996,33.79,75.2,-.504,31.09,103.3,-6999,-6999,0,-6999,-6999,0
100,2013,127,2300,13.94,.492,32.88,111.2,-1.008,30.18,116.6,.492,32.88,76.6,.492,32.88,86.7,.492,32.88,134.4,.487,32.88,58.1,.492,32.88,75.2,-1.008,30.18,103.5,-6999,-6999,0,-6999,-6999,0
100,2013,127,2400,13.95,-.508,31.09,111.4,-2.004,28.39,116.5,-.504,31.09,76.6,-.508,31.09,86.8,-.504,31.09,133.9,-1,30.2,58,-.504,31.09,75.1,-2.004,28.39,103.7,-6999,-6999,0,-6999,-6999,0
100,2013,128,100,13.98,-1.496,29.31,110.8,-2.5,27.5,116.5,-1,30.2,76.6,-1.496,29.31,86.6,-1,30.2,133.9,-1.004,30.19,58,-1,30.2,75.1,-2.5,27.5,103.7,-6999,-6999,0,-6999,-6999,0
100,2013,128,200,14,-1,30.2,110.8,-2.5,27.5,116.3,-1,30.2,76.6,-1,30.2,86.6,-1,30.2,134.4,-1.496,29.31,57.8,-1,30.2,75.1,-2.5,27.5,103.7,-6999,-6999,0,-6999,-6999,0
100,2013,128,300,14,-1.008,30.18,111,-2.504,27.49,116.1,-1.008,30.18,76.5,-1.008,30.18,86.7,-1.008,30.18,134.4,-1.008,30.18,57.7,-1.008,30.18,75.1,-2.508,27.48,103.6,-6999,-6999,0,-6999,-6999,0
100,2013,128,400,14.02,-2,28.4,110.5,-3.004,26.59,116.2,-2,28.4,76.6,-2,28.4,86.5,-2,28.4,134.4,-2,28.4,57.6,-2,28.4,75.1,-3.5,25.7,103.9,-6999,-6999,0,-6999,-6999,0
100,2013,128,500,14.02,-2,28.4,110.5,-3.5,25.7,116.2,-2,28.4,76.6,-2,28.4,86.5,-2,28.4,134.4,-2,28.4,57.7,-2,28.4,75.1,-3.5,25.7,103.6,-6999,-6999,0,-6999,-6999,0
100,2013,128,600,14.03,-1.996,28.41,110.9,-3.492,25.71,116.2,-1.996,28.41,76.7,-1.996,28.41,86.6,-1.996,28.41,133.9,-1.996,28.41,57.8,-1.992,28.41,74.9,-3.492,25.71,103.7,-6999,-6999,0,-6999,-6999,0
100,2013,128,700,14,-1.483,29.33,111.4,-2.483,27.53,116.3,-1.479,29.34,76.5,-1.483,29.33,86.6,-1.479,29.34,96.4,-1.483,29.33,57.5,-.987,30.22,74.9,-2.483,27.53,103.2,-6999,-6999,0,-6999,-6999,0
100,2013,128,800,13.98,.5,32.9,110.9,-.504,31.09,116.4,.996,33.79,76.5,.5,32.9,86.4,.996,33.79,133.8,.5,32.9,57.2,.5,32.9,74.7,-.504,31.09,103.3,-6999,-6999,0,-6999,-6999,0
100,2013,128,900,13.98,.496,32.89,110.5,-1.004,30.19,115.8,.496,32.89,76.3,.496,32.89,85.8,.496,32.89,133.8,.496,32.89,53.9,.496,32.89,74.9,-1,30.2,103.8,-6999,-6999,0,-6999,-6999,0
100,2013,128,1000,13.97,0,32,110.5,-1.496,29.31,116,0,32,77.6,0,32,86.1,0,32,98,0,32,48,0,32,75.4,-1,30.2,103.8,-6999,-6999,0,-6999,-6999,0
100,2013,128,1100,13.97,0,32,114.3,-1.004,30.19,119.5,0,32,78.6,0,32,88.4,0,32,99.8,0,32,56,0,32,77,-1,30.2,106.4,-6999,-6999,0,-6999,-6999,0
100,2013,128,1200,13.96,.004,32.01,102.6,-1.492,29.32,119.6,.008,32.01,78.5,.004,32.01,182.8,.008,32.01,100.5,.004,32.01,55.5,.004,32.01,77.3,-.996,30.21,107.9,-6999,-6999,0,-6999,-6999,0
100,2013,128,1300,13.96,.5,32.9,117.4,-.504,31.09,122.8,.996,33.79,79.5,.5,32.9,180.4,.996,33.79,102.4,.5,32.9,220,.5,32.9,79.2,-.5,31.1,110.3,-6999,-6999,0,-6999,-6999,0
100,2013,128,1400,13.95,.508,32.91,116.8,-.987,30.22,123,.512,32.92,79.9,.508,32.91,182.8,.512,32.92,103.7,.508,32.91,52.8,.508,32.91,79.3,-.492,31.12,110.3,-6999,-6999,0,-6999,-6999,0
100,2013,128,1500,13.94,1.492,34.68,117.1,.492,32.88,235,1.992,35.59,77.7,1.492,34.68,182.8,1.987,35.58,103.9,1.492,34.68,54.6,1.492,34.68,79.7,.492,32.88,220,-6999,-6999,0,-6999,-6999,0
100,2013,128,1600,13.94,.5,32.9,117.4,-.5,31.1,119.9,.996,33.79,79.5,.5,32.9,182.8,.504,32.91,104.2,.5,32.9,54.4,.5,32.9,80.2,-.5,31.1,111.8,-6999,-6999,0,-6999,-6999,0
100,2013,128,1700,13.95,.496,32.89,121.7,-.504,31.09,126.9,.5,32.9,80.3,.496,32.89,183.2,.992,33.79,106.8,.496,32.89,54.4,.496,32.89,81.6,-.504,31.09,115.2,-6999,-6999,0,-6999,-6999,0
100,2013,128,1800,13.96,0,32,122.1,-1.004,30.19,235,.496,32.89,81.8,0,32,183.2,0,32,107.3,0,32,220,0,32,82,-1,30.2,114.8,-6999,-6999,0,-6999,-6999,0
100,2013,128,1900,13.96,0,32,122.1,-1.5,29.3,125,0,32,83,0,32,183.2,0,32,133.8,0,32,59.5,0,32,82.4,-1,30.2,116.6,-6999,-6999,0,-6999,-6999,0
100,2013,128,2000,13.96,0,32,123.6,-1.5,29.3,126.8,0,32,82.6,0,32,183.2,0,32,133.8,0,32,58,0,32,82.7,-1.004,30.19,117.2,-6999,-6999,0,-6999,-6999,0
100,2013,128,2100,13.96,-.004,31.99,126.9,-1.504,29.29,127.2,-.004,31.99,83.9,-.008,31.98,183.3,-.004,31.99,133.9,-.008,31.98,220,-.004,31.99,85.1,-1.504,29.29,121,-6999,-6999,0,-6999,-6999,0
100,2013,128,2200,13.97,-.504,31.09,131.2,-2,28.4,135.3,-.5,31.1,89.7,-1,30.2,183.6,-.5,31.1,133.9,-1,30.2,220,-.5,31.1,88.6,-2,28.4,125.1,-6999,-6999,0,-6999,-6999,0
100,2013,128,2300,13.97,-.996,30.21,133.9,-2,28.4,139.1,-.5,31.1,91.4,-.996,30.21,183.3,-.5,31.1,134.4,-1,30.2,63.3,-.5,31.1,90.8,-1.996,28.41,127.3,-6999,-6999,0,-6999,-6999,0
100,2013,128,2400,13.97,-.496,31.11,133.3,-1.996,28.41,137.6,-.496,31.11,90.9,-.496,31.11,183.2,-.496,31.11,134.3,-.992,30.21,65.6,-.496,31.11,90.4,-1.5,29.3,125.7,-6999,-6999,0,-6999,-6999,0
100,2013,129,100,13.97,0,32,132.8,-1.5,29.3,235,0,32,90.8,0,32,182.9,0,32,133.8,0,32,64.5,0,32,90.2,-1.5,29.3,126.5,-6999,-6999,0,-6999,-6999,0
100,2013,129,200,13.96,-.004,31.99,132.9,-1.5,29.3,235,0,32,90.6,-.004,31.99,182.9,0,32,133.8,-.004,31.99,64.4,0,32,90.1,-1.5,29.3,125.7,-6999,-6999,0,-6999,-6999,0
100,2013,129,300,13.97,-.5,31.1,132.9,-1.5,29.3,235,0,32,90.4,-.5,31.1,182.9,0,32,133.8,-.5,31.1,63.8,0,32,89.9,-1.5,29.3,125.7,-6999,-6999,0,-6999,-6999,0
100,2013,129,400,13.97,-.5,31.1,131.1,-1.504,29.29,235,-.004,31.99,91,-.5,31.1,183.3,-.004,31.99,133.9,-.5,31.1,68.7,-.004,31.99,90.8,-1.504,29.29,126.9,-6999,-6999,0,-6999,-6999,0
100,2013,129,500,13.96,-.504,31.09,133.5,-2,28.4,138.4,-.5,31.1,91.9,-.504,31.09,180.5,-.5,31.1,133.9,-.504,31.09,70.8,-.5,31.1,91.8,-2,28.4,127.7,-6999,-6999,0,-6999,-6999,0
100,2013,129,600,13.97,-1,30.2,134,-2.004,28.39,235,-.504,31.09,92.3,-1,30.2,103.1,-.504,31.09,134.4,-1.012,30.18,71.2,-.504,31.09,91.9,-2.004,28.39,128.2,-6999,-6999,0,-6999,-6999,0
100,2013,129,700,13.98,-1,30.2,134.8,-2.5,27.5,235,-1,30.2,94,-1,30.2,104.9,-1,30.2,134.4,-2.5,27.5,74.2,-1,30.2,93.7,-2.5,27.5,129.3,-6999,-6999,0,-6999,-6999,0
100,2013,129,800,13.98,-1,30.2,135,-2.5,27.5,138.3,-1,30.2,93.5,-1.004,30.19,106.1,-1,30.2,133.9,-2.487,27.52,71.4,-1,30.2,93.7,-2.5,27.5,129.3,-6999,-6999,0,-6999,-6999,0
100,2013,129,900,13.98,-.987,30.22,134.7,-2.487,27.52,139.6,-.987,30.22,93.7,-1.487,29.32,180.4,-.987,30.22,133.3,-.992,30.21,65.6,-.992,30.21,93.9,-2.483,27.53,129,-6999,-6999,0,-6999,-6999,0
100,2013,129,1000,13.98,.492,32.88,136.7,-1.004,30.19,140.9,.496,32.89,94.4,-.004,31.99,183.9,.496,32.89,121.2,0,32,71.6,0,32,94.4,-.504,31.09,129.4,-6999,-6999,0,-6999,-6999,0
100,2013,129,1100,13.97,-.487,31.12,136.3,-1.492,29.32,140.8,.008,32.01,94.3,-.492,31.12,184.5,.008,32.01,121.2,.004,32.01,67.3,.004,32.01,94.3,-.992,30.21,129.2,-6999,-6999,0,-6999,-6999,0
100,2013,129,1200,13.96,1.008,33.82,135.3,-.487,31.12,137.8,1.004,33.81,93.9,.508,32.91,184.1,1.008,33.82,133.3,.508,32.91,72.4,.508,32.91,93.8,.012,32.02,128.7,-6999,-6999,0,-6999,-6999,0
100,2013,129,1300,13.95,2.008,35.62,135.5,1.008,33.82,139.4,1.517,34.73,93.5,1.512,34.72,184.3,2.017,35.63,119.9,1.512,34.72,74.6,1.508,34.71,93.7,1.512,34.72,128.4,-6999,-6999,0,-6999,-6999,0
100,2013,129,1400,13.94,2.987,37.38,134.9,1.987,35.58,136.4,3.483,38.27,92.9,2.987,37.38,183.8,3.983,39.17,120.1,2.983,37.37,71.2,2.492,36.49,93.8,2.983,37.37,128.4,-6999,-6999,0,-6999,-6999,0
100,2013,129,1500,13.94,1.492,34.68,136,.492,32.88,136.2,1.496,34.69,92.5,1.492,34.68,183.9,1.992,35.59,120.2,.996,33.79,75.1,1.492,34.68,93.9,.987,33.78,128.7,-6999,-6999,0,-6999,-6999,0
100,2013,129,1600,13.94,.504,32.91,135.4,-.496,31.11,138.7,1.004,33.81,92.1,.504,32.91,183.9,1.004,33.81,119.6,.504,32.91,74.1,.504,32.91,93.7,-.496,31.11,128.9,-6999,-6999,0,-6999,-6999,0
100,2013,129,1700,13.95,1,33.8,134.9,-.004,31.99,139,1.496,34.69,91.8,.996,33.79,180.4,1.496,34.69,118.7,1,33.8,76.8,1,33.8,93.4,-.004,31.99,128.7,-6999,-6999,0,-6999,-6999,0
100,2013,129,1800,13.94,.996,33.79,135,-.504,31.09,138.9,.996,33.79,91.8,.5,32.9,183.2,1,33.8,134.3,-6999,-6999,212.3,.996,33.79,92.9,-.504,31.09,128.7,-6999,-6999,0,-6999,-6999,0
100,2013,129,1900,13.96,.496,32.89,135.1,-1,30.2,138.1,.496,32.89,91.8,.496,32.89,183.2,.992,33.79,133.8,-6999,-6999,75.4,.496,32.89,92.7,-1,30.2,128.7,-6999,-6999,0,-6999,-6999,0
100,2013,129,2000,13.96,0,32,134.8,-1.004,30.19,137.1,0,32,91.4,0,32,183.5,0,32,119.3,0,32,75.3,0,32,92,-1.004,30.19,128,-6999,-6999,0,-6999,-6999,0
100,2013,129,2100,13.96,-.004,31.99,134.9,-1.504,29.29,137.1,-.004,31.99,91.2,-.004,31.99,183.3,-.004,31.99,133.9,-.008,31.98,75.7,-.004,31.99,91.8,-1.504,29.29,127.7,-6999,-6999,0,-6999,-6999,0
100,2013,129,2200,13.96,-.504,31.09,134.5,-2.004,28.39,137.2,-.504,31.09,89.5,-.504,31.09,183,-.504,31.09,134.4,-.996,30.21,74.8,-.504,31.09,91.7,-2.004,28.39,127.8,-6999,-6999,0,-6999,-6999,0
100,2013,129,2300,13.97,-1.004,30.19,134.6,-2.504,27.49,136.8,-1.004,30.19,89.8,-1.004,30.19,183.7,-1.004,30.19,134.4,-.508,31.09,74.8,-1.004,30.19,91.4,-2.508,27.48,127.6,-6999,-6999,0,-6999,-6999,0
100,2013,129,2400,13.98,-1.508,29.29,133.3,-3.004,26.59,137,-1.508,29.29,90.4,-1.504,29.29,183.4,-1.504,29.29,134.4,-1.508,29.29,74.5,-1.508,29.29,91.5,-3.504,25.69,127.8,-6999,-6999,0,-6999,-6999,0
100,2013,130,100,13.99,-2.508,27.48,133.8,-3.512,25.68,138.4,-2.504,27.49,90.1,-2.012,28.38,183.5,-2.008,28.38,134.5,-2.508,27.48,74,-2.504,27.49,91.1,-4.004,24.79,127.8,-6999,-6999,0,-6999,-6999,0
100,2013,130,200,14.01,-3.504,25.69,133.6,-5.004,22.99,138.1,-3.004,26.59,90.1,-3.504,25.69,183.6,-3.008,26.59,134,-3.504,25.69,73.9,-3.004,26.59,91,-4.508,23.88,128,-6999,-6999,0,-6999,-6999,0
100,2013,130,300,14.03,-3.996,24.81,133.5,-5.496,22.11,137.8,-3.5,25.7,90.3,-3.996,24.81,183.5,-3.996,24.81,134.5,-3.996,24.81,73.9,-3.5,25.7,90.8,-5.496,22.11,127.9,-6999,-6999,0,-6999,-6999,0
100,2013,130,400,14.05,-3.504,25.69,133.6,-5.004,22.99,137.8,-3.5,25.7,90.3,-3.504,25.69,183.6,-3.504,25.69,134.5,-3.504,25.69,73.2,-3.5,25.7,90.4,-5.004,22.99,128,-6999,-6999,0,-6999,-6999,0
100,2013,130,500,14.06,-3.992,24.82,133.4,-5.492,22.12,137.6,-3.496,25.71,90.3,-3.992,24.82,183.4,-3.992,24.82,134.5,-3.992,24.82,72.7,-3.496,25.71,90.6,-5.492,22.12,127.8,-6999,-6999,0,-6999,-6999,0
100,2013,130,600,14.06,-3,26.6,133.4,-4.496,23.91,137.3,-2.996,26.61,90.2,-3,26.6,183.1,-2.996,26.61,133.9,-3,26.6,71.7,-2.996,26.61,90.2,-4.5,23.9,127.8,-6999,-6999,0,-6999,-6999,0
100,2013,130,700,14.06,-2.975,26.65,133.8,-3.983,24.83,137.4,-2.487,27.52,90.1,-2.983,26.63,183,-2.487,27.52,134.4,-2.979,26.64,71.4,-2.487,27.52,90.5,-4.483,23.93,127.5,-6999,-6999,0,-6999,-6999,0
100,2013,130,800,14.02,.012,32.02,135.9,-1.987,28.42,137.5,-.975,30.24,89.9,-.987,30.22,181.4,-.983,30.23,132,-.492,31.12,72.5,-.983,30.23,90.7,-2.483,27.53,127.5,-6999,-6999,0,-6999,-6999,0
100,2013,130,900,14,1.5,34.7,135.9,-.492,31.12,137.4,1.992,35.59,90.2,.504,32.91,183.1,1.004,33.81,118.6,.504,32.91,73.5,1,33.8,90.4,-.496,31.11,127.4,-6999,-6999,0,-6999,-6999,0
100,2013,130,1000,13.97,1.5,34.7,135.4,.504,32.91,138.4,1.008,33.82,90,1.004,33.81,184.1,1.504,34.71,133.8,1.004,33.81,219.9,1.004,33.81,90.6,.008,32.01,128.4,-6999,-6999,0,-6999,-6999,0
100,2013,130,1100,13.96,1.492,34.68,135.5,.987,33.78,139.8,1.987,35.58,90.4,1.492,34.68,183.7,1.992,35.59,118.7,1.492,34.68,198,1.492,34.68,91.5,.992,33.79,127.4,-6999,-6999,0,-6999,-6999,0
100,2013,130,1200,13.96,.504,32.91,134.9,-.5,31.1,136.2,.504,32.91,90.3,.5,32.9,183,1.004,33.81,119.1,-6999,-6999,200.2,.504,32.91,91.2,0,32,127.4,-6999,-6999,0,-6999,-6999,0
100,2013,130,1300,13.95,1.012,33.82,135.2,-.483,31.13,139.2,1.012,33.82,90.4,.512,32.92,182.7,1.512,34.72,118.5,-6999,-6999,200,1.008,33.82,91.6,.017,32.03,128.2,-6999,-6999,0,-6999,-6999,0
100,2013,130,1400,13.94,2.504,36.51,134.5,1.5,34.7,139.7,2.5,36.5,90.3,2.004,35.61,183.4,2.996,37.39,118.6,-6999,-6999,200,2.004,35.61,91,2,35.6,128.2,-6999,-6999,0,-6999,-6999,0
100,2013,130,1500,13.92,2.996,37.39,134.3,1.496,34.69,137.9,2.5,36.5,90.3,2.496,36.49,183.4,2.5,36.5,118.6,-6999,-6999,205.1,2.496,36.49,90.6,1.992,35.59,128.4,-6999,-6999,0,-6999,-6999,0
100,2013,130,1600,13.92,2.504,36.51,134.2,1.004,33.81,139.2,2.5,36.5,90.3,2.004,35.61,182.7,2.5,36.5,118.6,-6999,-6999,199.5,2.004,35.61,90.5,1.004,33.81,128.3,-6999,-6999,0,-6999,-6999,0
100,2013,130,1700,13.92,2.992,37.38,133.9,1.492,34.68,139.5,2.496,36.49,89.6,2.492,36.49,100.4,2.492,36.49,118.1,-6999,-6999,200.1,2.492,36.49,90.6,1.492,34.68,128.5,-6999,-6999,0,-6999,-6999,0
100,2013,130,1800,13.93,1.992,35.59,134.1,.492,32.88,139.3,1.992,35.59,90,1.496,34.69,98.8,1.496,34.69,132,-6999,-6999,200,1.496,34.69,90.6,.492,32.88,128.7,-6999,-6999,0,-6999,-6999,0
100,2013,130,1900,13.94,.992,33.79,133.8,-.508,31.09,139.2,.992,33.79,89.6,.992,33.79,100,.992,33.79,133.8,-6999,-6999,200,.992,33.79,90.2,-.504,31.09,127.6,-6999,-6999,0,-6999,-6999,0
100,2013,130,2000,13.95,0,32,133.8,-1.496,29.31,139.1,0,32,88.4,0,32,100,0,32,117.9,-6999,-6999,200,.004,32.01,90.1,-1,30.2,127.6,-6999,-6999,0,-6999,-6999,0
100,2013,130,2100,13.96,0,32,133.3,-1,30.2,138.5,0,32,89.8,0,32,181.1,.004,32.01,117.3,-6999,-6999,200,.496,32.89,90.1,-1,30.2,127.6,-6999,-6999,0,-6999,-6999,0
100,2013,130,2200,13.96,0,32,133.3,-1,30.2,138,0,32,89.8,0,32,181.4,.496,32.89,133.8,-6999,-6999,200,0,32,90.1,-1,30.2,127.2,-6999,-6999,0,-6999,-6999,0
100,2013,130,2300,13.96,0,32,132.8,-1.004,30.19,137.1,0,32,89.9,-.004,31.99,183.3,0,32,133.8,-6999,-6999,200,0,32,89.9,-1.004,30.19,127.3,-6999,-6999,0,-6999,-6999,0
100,2013,130,2400,13.96,-.004,31.99,132.9,-1.5,29.3,137.1,0,32,89.8,-.5,31.1,183.6,0,32,133.8,-6999,-6999,200,0,32,89.7,-1.5,29.3,127.3,-6999,-6999,0,-6999,-6999,0
100,2013,131,100,13.96,-.504,31.09,133,-1.504,29.29,137.1,-.004,31.99,89.5,-.504,31.09,183.6,-.008,31.98,133.9,-6999,-6999,200,-.008,31.98,89.9,-1.508,29.29,127.5,-6999,-6999,0,-6999,-6999,0
100,2013,131,200,13.97,-1,30.2,133,-2,28.4,137.1,-.5,31.1,89.4,-1,30.2,183.6,-.996,30.21,133.1,-6999,-6999,200,-.996,30.21,89.6,-2.5,27.5,127.5,-6999,-6999,0,-6999,-6999,0
100,2013,131,300,13.97,-1.004,30.19,133.1,-2.008,28.38,137.3,-.508,31.09,89.6,-1.004,30.19,183.7,-.508,31.09,116.6,-6999,-6999,200,-.508,31.09,89.6,-2.504,27.49,127.5,-6999,-6999,0,-6999,-6999,0
100,2013,131,400,13.98,-1.5,29.3,133.1,-3,26.6,137.1,-1.5,29.3,89.5,-1.5,29.3,183.7,-1.5,29.3,133.4,-6999,-6999,200,-1.5,29.3,89.6,-3,26.6,127.5,-6999,-6999,0,-6999,-6999,0
100,2013,131,500,13.98,-1.504,29.29,132.7,-3.004,26.59,137.2,-1.504,29.29,89.4,-1.504,29.29,183.4,-1.504,29.29,133.4,-6999,-6999,200,-1.504,29.29,89.5,-3.004,26.59,127.6,-6999,-6999,0,-6999,-6999,0
100,2013,131,600,14,-2,28.4,132.7,-3.496,25.71,136.9,-2,28.4,89.2,-2,28.4,183.7,-2,28.4,133.9,-6999,-6999,200,-2,28.4,89.5,-3.5,25.7,127.6,-6999,-6999,0,-6999,-6999,0
100,2013,131,700,14,-1.975,28.44,132.6,-2.983,26.63,137.1,-1.983,28.43,89.1,-1.983,28.43,183.9,-1.983,28.43,116.9,-6999,-6999,69.5,-1.979,28.44,89.5,-3.483,25.73,127.3,-6999,-6999,0,-6999,-6999,0
100,2013,131,800,13.98,1.017,33.83,132.2,-.987,30.22,137.5,.029,32.05,89,.012,32.02,184.4,.012,32.02,133.3,-6999,-6999,213.1,.512,32.92,89.4,-1.483,29.33,127,-6999,-6999,0,-6999,-6999,0
100,2013,131,900,13.96,3.021,37.44,131.7,.55,32.99,137.8,3.512,38.32,89.1,1.521,34.74,184.3,1.546,34.78,116.8,-6999,-6999,198.7,2.017,35.63,89.3,.542,32.97,126.5,-6999,-6999,0,-6999,-6999,0
100,2013,131,1000,13.92,5.504,41.91,131.6,6.512,43.72,135.8,5.025,41.04,88.7,4.012,39.22,184.5,7.02,44.63,115.9,-6999,-6999,200.1,4.008,39.21,89.3,5.508,41.91,126.3,-6999,-6999,0,-6999,-6999,0
100,2013,131,1100,13.84,6.021,42.84,131.6,8,46.4,135.3,8.01,46.41,88.5,5.525,41.94,184.8,9,48.19,115.4,-6999,-6999,200,5.029,41.05,88.8,6.542,43.78,124.8,-6999,-6999,0,-6999,-6999,0
100,2013,131,1200,13.82,8.5,47.3,129.8,7.99,46.38,135.2,8.99,48.19,88.5,8.5,47.29,184.5,8.5,47.3,114,-6999,-6999,200,8.5,47.3,87.8,11.47,52.66,123.2,-6999,-6999,0,-6999,-6999,0
100,2013,131,1300,13.82,8.52,47.34,129.2,7.02,44.64,134.7,8.02,46.44,88.2,8.02,46.43,183.8,8.52,47.33,112.4,-6999,-6999,200,8.51,47.32,86.7,8.51,47.32,123,-6999,-6999,0,-6999,-6999,0
100,2013,131,1400,13.84,11.47,52.65,128.8,9.47,49.06,133.8,10.47,50.85,87.5,9.98,49.96,184.4,10.47,50.85,111.7,-6999,-6999,200,9.97,49.95,86.5,9.97,49.95,121.7,-6999,-6999,0,-6999,-6999,0
100,2013,131,1500,13.83,7.95,46.32,128.1,6.454,43.62,132.6,7.46,45.42,87.3,7.46,45.42,184.7,7.45,45.42,110.8,-6999,-6999,200,6.962,44.53,86,6.95,44.51,122.1,-6999,-6999,0,-6999,-6999,0
100,2013,131,1600,13.84,2.533,36.56,128.4,1.033,33.86,133.8,2.533,36.56,87.2,2.529,36.55,184.8,2.033,35.66,110.4,-6999,-6999,200,2.529,36.55,85.6,1.033,33.86,121.5,-6999,-6999,0,-6999,-6999,0
100,2013,131,1700,13.86,6.5,43.7,128.4,5,41,133,6.5,43.7,86.8,6,42.8,184.8,6,42.8,110.1,-6999,-6999,200,6,42.8,85.1,5,41,121.4,-6999,-6999,0,-6999,-6999,0
100,2013,131,1800,13.85,6.475,43.66,127.9,4.975,40.95,132.2,6.475,43.66,86.3,5.979,42.76,184.7,5.975,42.75,109.3,-6999,-6999,200,5.975,42.75,85.1,4.975,40.95,120.9,-6999,-6999,0,-6999,-6999,0
100,2013,131,1900,13.87,3.483,38.27,128,1.983,35.57,132.1,3.483,38.27,86.6,3.483,38.27,184.1,2.987,37.38,133.8,-6999,-6999,200,2.987,37.38,84.7,1.983,35.57,120.6,-6999,-6999,0,-6999,-6999,0
100,2013,131,2000,13.9,1.492,34.68,127.7,-.008,31.98,132,1.492,34.68,86.3,1.492,34.68,184.2,1.492,34.68,109,-6999,-6999,200,1.492,34.68,84.5,-.008,31.98,120.8,-6999,-6999,0,-6999,-6999,0
100,2013,131,2100,13.93,.496,32.89,127.3,-1.004,30.19,131.9,.496,32.89,86.1,.496,32.89,184.3,.496,32.89,134.3,-6999,-6999,200,.496,32.89,84.4,-1.004,30.19,119.9,-6999,-6999,0,-6999,-6999,0
100,2013,131,2200,13.94,-.004,31.99,127.4,-1.5,29.3,131.7,-.004,31.99,86.2,-.004,31.99,184.3,-.004,31.99,134.4,-6999,-6999,200,0,32,84.4,-1.5,29.3,119.9,-6999,-6999,0,-6999,-6999,0
100,2013,131,2300,13.96,-.483,31.13,127,-1.492,29.32,131.5,-.487,31.12,86,-.487,31.12,184.2,-.487,31.12,133.8,-6999,-6999,200,.012,32.02,84.3,-1.487,29.32,120.6,-6999,-6999,0,-6999,-6999,0
100,2013,131,2400,13.95,1.508,34.71,127.3,-.487,31.12,131.6,1.012,33.82,85.9,1.012,33.82,183.7,1.012,33.82,131.9,-6999,-6999,200,1.512,34.72,84.1,.017,32.03,120.3,-6999,-6999,0,-6999,-6999,0
100,2013,132,100,13.94,2.5,36.5,126.8,1,33.8,131.1,2.5,36.5,85.8,2.5,36.5,184.1,2.5,36.5,108.3,-6999,-6999,200,2.996,37.39,84,1.992,35.59,119.4,-6999,-6999,0,-6999,-6999,0
100,2013,132,200,13.93,2.5,36.5,126.8,1,33.8,131.3,2.5,36.5,85.6,2.5,36.5,184.1,2.496,36.49,108.4,-6999,-6999,200,2.496,36.49,84.1,1,33.8,119.6,-6999,-6999,0,-6999,-6999,0
100,2013,132,300,13.93,2.487,36.48,126.6,.987,33.78,131,2.487,36.48,85.8,2.487,36.48,183.9,1.992,35.59,108,-6999,-6999,200,1.992,35.59,83.9,.987,33.78,119.5,-6999,-6999,0,-6999,-6999,0
100,2013,132,400,13.94,1,33.8,126.6,-.5,31.1,130.9,1,33.8,85.5,.996,33.79,183.9,.996,33.79,108.1,-6999,-6999,200,1.004,33.81,83.8,-.496,31.11,119.4,-6999,-6999,0,-6999,-6999,0
100,2013,132,500,13.94,1.008,33.82,126.4,-.492,31.12,131,1.008,33.82,85.5,.512,32.92,183.8,.508,32.91,131.7,-6999,-6999,200,1.508,34.71,83.7,.008,32.01,119.3,-6999,-6999,0,-6999,-6999,0
100,2013,132,600,13.94,2.012,35.62,126.6,.512,32.92,130.8,2.012,35.62,85.4,2.012,35.62,184.3,1.512,34.72,107.8,-6999,-6999,200,2.504,36.51,83.7,1.008,33.82,119.1,-6999,-6999,0,-6999,-6999,0
100,2013,132,700,13.92,3.529,38.35,125.9,2.025,35.65,130.3,3.517,38.33,85.1,3.517,38.33,184.5,3.021,37.44,107.6,-6999,-6999,200,3.021,37.44,83.7,2.021,35.64,119.8,-6999,-6999,0,-6999,-6999,0
100,2013,132,800,13.88,7.02,44.63,125.5,5.008,41.01,130.7,5.529,41.95,84.8,5.517,41.93,184.4,5.512,41.92,107.9,-6999,-6999,200,5.517,41.93,83.5,4.512,40.12,119.6,-6999,-6999,0,-6999,-6999,0
100,2013,132,900,13.85,9.01,48.22,125.2,6.046,42.88,130.4,9.01,48.22,84.6,7.51,45.52,184.6,7.04,44.67,107,-6999,-6999,200,7.51,45.52,83.1,6.029,42.85,118.9,-6999,-6999,0,-6999,-6999,0
100,2013,132,1000,13.78,10.01,50.01,124.5,11.52,52.73,127.2,10.02,50.04,83.3,9.01,48.22,184.4,11.52,52.73,106.3,-6999,-6999,200,9.01,48.22,83,9.52,49.13,118.8,-6999,-6999,0,-6999,-6999,0
100,2013,132,1100,13.65,11.01,51.81,122.9,13.49,56.28,127.8,12.5,54.51,83.2,10.52,50.93,183.5,13.49,56.28,105.6,-6999,-6999,200,10.03,50.05,82.1,11.53,52.76,116.2,-6999,-6999,0,-6999,-6999,0
100,2013,132,1200,13.58,12.03,53.65,120.9,12.01,53.62,126,13.01,55.42,81.9,12.52,54.54,92.2,12.03,53.65,103.9,-6999,-6999,200,13.51,56.31,80,15.49,59.88,114.2,-6999,-6999,0,-6999,-6999,0
100,2013,132,1300,13.59,15.48,59.87,120.3,13.49,56.28,125.8,14.49,58.08,82.3,14.99,58.98,91.4,15.48,59.86,102.6,-6999,-6999,200,14.49,58.08,79.4,14.48,58.07,112.9,-6999,-6999,0,-6999,-6999,0
100,2013,132,1400,13.61,13.49,56.28,119.5,11.99,53.59,126,12.99,55.38,81.6,13.49,56.28,181.8,12.99,55.38,102.8,-6999,-6999,200,12.99,55.38,78.9,12.49,54.48,112.9,-6999,-6999,0,-6999,-6999,0
100,2013,132,1500,13.6,12.51,54.52,119.1,11.01,51.81,124.6,12.01,53.62,81.6,12.5,54.51,182.7,11.51,52.72,101.6,-6999,-6999,200,12,53.61,78.2,11,51.81,112.4,-6999,-6999,0,-6999,-6999,0
100,2013,132,1600,13.61,13.98,57.16,117.3,11.98,53.57,124.2,12.99,55.38,80.8,12.99,55.38,90.3,12.98,55.36,101,-6999,-6999,200,12.49,54.48,77.9,11.49,52.68,111.5,-6999,-6999,0,-6999,-6999,0
100,2013,132,1700,13.62,11.49,52.68,117.1,9.99,49.98,124.3,11.49,52.68,80.4,11.49,52.68,90.3,10.49,50.88,101.1,-6999,-6999,200,10.99,51.78,78,9.99,49.98,111.8,-6999,-6999,0,-6999,-6999,0
100,2013,132,1800,13.65,9.98,49.97,117.2,8.48,47.26,123.8,9.98,49.96,80.7,9.98,49.96,180.5,9.48,49.06,100.9,-6999,-6999,200,9.48,49.07,77.3,8.48,47.27,111.1,-6999,-6999,0,-6999,-6999,0
100,2013,132,1900,13.7,7.99,46.38,117,5.987,42.78,123.6,7.49,45.48,80.5,7.49,45.48,89.9,6.987,44.58,100.6,-6999,-6999,200,7.48,45.47,77.4,6.483,43.67,111.5,-6999,-6999,0,-6999,-6999,0
100,2013,132,2000,13.75,6.504,43.71,117.5,4.5,40.1,123.6,6.004,42.81,80.9,6.004,42.81,89.8,5.504,41.91,101,-6999,-6999,200,5.504,41.91,77.3,4.504,40.11,111.3,-6999,-6999,0,-6999,-6999,0
100,2013,132,2100,13.79,6.996,44.59,117,4.5,40.1,123.1,6.496,43.69,80.2,6.496,43.69,180.6,5.996,42.79,100.6,-6999,-6999,200,6.004,42.81,77.2,5,41,111.3,-6999,-6999,0,-6999,-6999,0
100,2013,132,2200,13.79,6.496,43.69,117.1,4.496,40.09,122.8,5.996,42.79,80,5.996,42.79,89.4,5.496,41.89,100.6,-6999,-6999,200,6.492,43.69,77.7,4.992,40.99,111.2,-6999,-6999,0,-6999,-6999,0
100,2013,132,2300,13.82,6.012,42.82,116.3,4.017,39.23,122.8,5.512,41.92,79.7,5.512,41.92,89.3,5.017,41.03,100.4,-6999,-6999,200,5.517,41.93,77,4.021,39.24,110.7,-6999,-6999,0,-6999,-6999,0
100,2013,132,2400,13.8,7.5,45.5,116.7,5.996,42.79,123.2,7,44.6,80,7,44.6,88.8,6.996,44.59,100.4,-6999,-6999,200,7.5,45.5,77,6.496,43.69,111.1,-6999,-6999,0,-6999,-6999,0
100,2013,133,100,13.79,7.5,45.49,116.8,5.5,41.9,122.7,7,44.6,80,7,44.6,89.1,6.5,43.7,100.4,-6999,-6999,200,7.5,45.49,76.2,5.996,42.79,111.2,-6999,-6999,0,-6999,-6999,0
100,2013,133,200,13.79,7,44.6,116.4,5.504,41.91,122.6,7,44.6,78.5,7,44.6,89,6.5,43.7,99.9,-6999,-6999,200,7,44.6,76.4,5.5,41.9,110.9,-6999,-6999,0,-6999,-6999,0
100,2013,133,300,13.78,7,44.61,116.3,5.996,42.79,122.5,7,44.6,79.4,6.996,44.59,89.5,6.5,43.7,99.9,-6999,-6999,200,7,44.6,76.6,5.504,41.91,110.5,-6999,-6999,0,-6999,-6999,0
100,2013,133,400,13.78,7.5,45.49,115.6,5.5,41.9,122.5,7,44.6,79.9,6.504,43.71,89,6.496,43.69,100,-6999,-6999,200,6.996,44.59,76,5.996,42.79,110.6,-6999,-6999,0,-6999,-6999,0
100,2013,133,500,13.79,7,44.61,115.5,5.5,41.9,121.7,7,44.6,79.2,7,44.6,88.5,6.004,42.81,99.9,-6999,-6999,200,6.508,43.72,75.8,5.508,41.91,110.4,-6999,-6999,0,-6999,-6999,0
100,2013,133,600,13.79,7.5,45.51,115.4,5.508,41.91,122.3,7.01,44.62,79.1,7,44.61,88.4,6.504,43.71,99.4,-6999,-6999,200,7.51,45.51,75.9,6.504,43.71,110.5,-6999,-6999,0,-6999,-6999,0
100,2013,133,700,13.76,8.02,46.44,115.6,6.521,43.74,121.5,8.02,46.44,78.9,7.52,45.54,181.3,7.02,44.65,99,-6999,-6999,200,8.5,47.31,75.2,7.01,44.62,110.1,-6999,-6999,0,-6999,-6999,0
100,2013,133,800,13.72,11.02,51.83,114.8,9.01,48.22,121.3,10.52,50.94,76.9,10.02,50.03,182.5,10.01,50.02,98.9,-6999,-6999,200,9.02,48.24,75.3,8.02,46.44,109.9,-6999,-6999,0,-6999,-6999,0
100,2013,133,900,13.69,13.01,55.41,114.5,10.53,50.96,120.2,13.01,55.41,77.8,12.01,53.62,183.7,11.52,52.75,98.2,-6999,-6999,200,11.52,52.73,74.7,10.52,50.94,108.9,-6999,-6999,0,-6999,-6999,0
100,2013,133,1000,13.61,14,57.21,113.4,14.51,58.12,118.4,14.01,57.22,75.8,13.5,56.31,184,14.51,58.12,97.6,-6999,-6999,200,13.5,56.31,74.7,13.51,56.32,107.5,-6999,-6999,0,-6999,-6999,0
100,2013,133,1100,13.52,14.51,58.12,113.2,15.5,59.9,118.4,15.51,59.91,76.5,14.02,57.23,86.3,15.5,59.89,96.8,-6999,-6999,200,14.01,57.22,73.8,15.01,59.02,106.3,-6999,-6999,0,-6999,-6999,0
100,2013,133,1200,13.49,15.51,59.92,111.8,15.5,59.9,117.8,16.5,61.7,75.4,16,60.81,85,15.02,59.03,96,-6999,-6999,200,15.51,59.92,72.4,16.5,61.7,106,-6999,-6999,0,-6999,-6999,0
100,2013,133,1300,13.5,17,62.6,111.4,15.5,59.89,116.3,16.5,61.69,75.7,16.5,61.7,84.3,17,62.59,95.1,-6999,-6999,200,16.99,62.59,71.1,16.49,61.69,105,-6999,-6999,0,-6999,-6999,0
100,2013,133,1400,13.52,17,62.59,110.6,14.99,58.99,115.7,16,60.79,74.3,16.5,61.69,183.2,16.49,61.68,94.9,-6999,-6999,200,16,60.79,71,15.49,59.88,104.8,-6999,-6999,0,-6999,-6999,0
100,2013,133,1500,13.51,16.48,61.67,110.5,13.99,57.18,116.5,15.48,59.87,74.7,15.98,60.76,183.4,14.99,58.98,94.5,-6999,-6999,200,15.49,59.88,70.7,14.49,58.08,104.8,-6999,-6999,0,-6999,-6999,0
100,2013,133,1600,13.54,14.49,58.08,109.5,12.49,54.48,115.6,13.49,56.28,73.6,13.49,56.28,182.8,13.48,56.27,93.8,-6999,-6999,200,13.98,57.16,70,12.98,55.37,103.1,-6999,-6999,0,-6999,-6999,0
100,2013,133,1700,13.57,12.99,55.38,110.3,11,51.79,115.7,12.5,54.49,74.4,12.5,54.49,182.8,11.5,52.7,94.3,-6999,-6999,200,11.49,52.69,69.9,10.99,51.78,103.3,-6999,-6999,0,-6999,-6999,0
100,2013,133,1800,13.61,11.98,53.57,109.2,10.47,50.85,114.6,11.97,53.56,73.6,11.97,53.56,183.2,11.47,52.66,93.3,-6999,-6999,200,10.48,50.86,69.7,9.97,49.95,103.7,-6999,-6999,0,-6999,-6999,0
100,2013,133,1900,13.65,9.98,49.96,109.7,7.48,45.47,115.3,8.98,48.17,73.6,8.98,48.17,183.2,8.48,47.26,92.9,-6999,-6999,200,7.98,46.37,69.6,6.983,44.57,103.3,-6999,-6999,0,-6999,-6999,0
100,2013,133,2000,13.71,7.47,45.45,109.4,5.479,41.86,114.8,6.979,44.56,73.9,6.979,44.56,183.6,5.979,42.76,133.7,-6999,-6999,200,5.983,42.77,69.9,4.979,40.96,103.5,-6999,-6999,0,-6999,-6999,0
100,2013,133,2100,13.78,4.487,40.08,109.3,2.987,37.38,114.7,4.487,40.08,73.9,4.487,40.08,82.4,3.492,38.29,132.4,-6999,-6999,200,3.992,39.18,69.7,2.492,36.49,103.7,-6999,-6999,0,-6999,-6999,0
100,2013,133,2200,13.83,3,37.4,109.3,1.5,34.7,114.9,3,37.4,73.8,2.996,37.39,82.6,2.5,36.5,133.7,-6999,-6999,200,2.996,37.39,69.6,1.5,34.7,103.3,-6999,-6999,0,-6999,-6999,0
100,2013,133,2300,13.86,3.012,37.42,109.4,1.508,34.71,114.6,3.004,37.41,74,2.508,36.51,82.5,2.504,36.51,133.7,-6999,-6999,200,2.508,36.51,69.6,1.504,34.71,103.6,-6999,-6999,0,-6999,-6999,0
100,2013,133,2400,13.86,4.517,40.13,110,2.521,36.54,114.2,3.521,38.34,73.8,3.525,38.35,182.2,3.021,37.44,92.9,-6999,-6999,200,3.517,38.33,69.4,2.021,35.64,103.4,-6999,-6999,0,-6999,-6999,0
100,2013,134,100,13.84,6.508,43.72,109.7,5.008,41.01,115.6,6.012,42.82,74,6.508,43.72,182.5,5.512,41.92,93.5,-6999,-6999,200,5.512,41.92,69.4,4.508,40.12,103.2,-6999,-6999,0,-6999,-6999,0
100,2013,134,200,13.81,7.5,45.49,109.4,5.992,42.78,115.3,7.49,45.49,73.8,7.49,45.49,180.9,6.992,44.59,92.4,-6999,-6999,200,6.983,44.57,69.3,5.487,41.88,103.2,-6999,-6999,0,-6999,-6999,0
100,2013,134,300,13.81,6.996,44.59,109.5,4.996,40.99,114.9,6.496,43.69,73.3,6.496,43.69,83.1,5.992,42.78,93,-6999,-6999,200,5,41,69,4,39.2,103.2,-6999,-6999,0,-6999,-6999,0
100,2013,134,400,13.82,6.504,43.71,108.9,4.5,40.1,114.5,5.996,42.79,73.3,6,42.8,82.1,5,41,132.8,-6999,-6999,200,5,41,69,4,39.2,103.5,-6999,-6999,0,-6999,-6999,0
100,2013,134,500,13.82,7,44.6,108.4,4.5,40.1,113,5.5,41.9,73.3,6,42.8,81.9,5,41,132.3,-6999,-6999,200,5,41,68.7,4,39.2,102.8,-6999,-6999,0,-6999,-6999,0
100,2013,134,600,13.82,7,44.61,109.2,4.508,40.12,114.3,5.512,41.92,73.2,6.008,42.81,82.3,5.008,41.01,92.4,-6999,-6999,200,5.008,41.01,69,4.008,39.21,103,-6999,-6999,0,-6999,-6999,0
100,2013,134,700,13.79,7.53,45.56,108.8,5.533,41.96,115.1,7.03,44.65,73,7.03,44.65,182.3,6.033,42.86,92.1,-6999,-6999,200,6.029,42.85,68.3,5.029,41.05,102.2,-6999,-6999,0,-6999,-6999,0
100,2013,134,800,13.73,11.52,52.75,108.1,9.52,49.13,113.8,10.53,50.95,72.3,10.52,50.94,182.7,10.02,50.04,91.8,-6999,-6999,200,9.52,49.14,68.2,8.52,47.34,102.8,-6999,-6999,0,-6999,-6999,0
100,2013,134,900,13.67,14.51,58.12,107.9,11.54,52.78,112.6,14.01,57.22,71.6,13.01,55.42,183.3,12.53,54.55,91.4,-6999,-6999,200,12.02,53.64,67.6,11.04,51.87,101.9,-6999,-6999,0,-6999,-6999,0
100,2013,134,1000,13.57,15.5,59.91,106.4,16.51,61.72,111.6,15.01,59.02,71.2,14.51,58.12,79.6,16.01,60.82,90.1,-6999,-6999,200,14.51,58.12,67.1,15.51,59.92,100.4,-6999,-6999,0,-6999,-6999,0
100,2013,134,1100,13.49,16,60.81,106.3,17.49,63.48,111,16.51,61.72,71.2,15.51,59.92,79.4,17.49,63.49,89.4,-6999,-6999,200,15.51,59.91,66.9,17.01,62.62,99.7,-6999,-6999,0,-6999,-6999,0
100,2013,134,1200,13.47,16.51,61.72,105.4,16,60.8,111.1,17.49,63.49,70.8,17,62.6,78.8,16.51,61.72,88.8,-6999,-6999,200,16.5,61.71,65.8,18.49,65.28,99.6,-6999,-6999,0,-6999,-6999,0
100,2013,134,1300,13.52,17.98,64.36,104.7,15.98,60.77,110.4,16.49,61.68,70.5,16.99,62.58,182.2,17.47,63.45,88.1,-6999,-6999,200,16.98,62.57,65,16.98,62.56,99.7,-6999,-6999,0,-6999,-6999,0
100,2013,134,1400,13.54,15.48,59.87,104.1,13.98,57.16,109.4,14.98,58.97,69.9,15.48,59.86,183.1,14.48,58.06,87.9,-6999,-6999,200,14.98,58.96,65,14.48,58.07,98.3,-6999,-6999,0,-6999,-6999,0
100,2013,134,1500,13.55,13.5,56.3,103.6,11.5,52.7,109.1,13,55.39,69.7,13,55.4,183.4,12,53.61,87,-6999,-6999,200,12.5,54.49,64.3,12.5,54.49,96.9,-6999,-6999,0,-6999,-6999,0
100,2013,134,1600,13.57,13.47,56.25,104,11.47,52.66,109.4,12.48,54.46,70.4,12.97,55.35,183.8,12.48,54.46,87.3,-6999,-6999,200,11.98,53.56,64.3,11.97,53.56,97,-6999,-6999,0,-6999,-6999,0
100,2013,134,1700,13.63,10.5,50.89,103.6,8.5,47.29,108.7,10,49.99,69.2,10,50,183.5,9.99,49.99,87,-6999,-6999,200,9.5,49.09,63.9,8.99,48.19,97.2,-6999,-6999,0,-6999,-6999,0
100,2013,134,1800,13.65,9.99,49.99,103.3,7.99,46.38,108.6,9.49,49.08,69.7,9.99,49.98,183.6,8.99,48.18,86.7,-6999,-6999,200,8.99,48.18,63.8,7.99,46.38,97.6,-6999,-6999,0,-6999,-6999,0
100,2013,134,1900,13.7,8.99,48.18,103.7,6.992,44.59,108.2,8,46.39,69.6,8.49,47.28,183.4,7.5,45.49,132.7,-6999,-6999,200,7.49,45.49,63.5,6.492,43.69,97.8,-6999,-6999,0,-6999,-6999,0
100,2013,134,2000,13.73,7.49,45.49,103.5,5.987,42.78,108.3,7.49,45.48,69.6,6.992,44.59,183.5,6.987,44.58,86.5,-6999,-6999,200,6.496,43.69,63.5,5.492,41.88,97.8,-6999,-6999,0,-6999,-6999,0
100,2013,134,2100,13.77,6.504,43.71,103.3,4.504,40.11,108.4,6.004,42.81,69.3,6.004,42.81,183.4,5.504,41.91,86.4,-6999,-6999,200,6.004,42.81,63.2,4.508,40.12,97.3,-6999,-6999,0,-6999,-6999,0
100,2013,134,2200,13.79,6.992,44.59,103.1,4.992,40.99,108.4,6.487,43.68,69.7,6.487,43.68,183.5,5.987,42.78,86.3,-6999,-6999,218.3,6.492,43.69,63.1,5.492,41.88,97.2,-6999,-6999,0,-6999,-6999,0
100,2013,134,2300,13.81,5.987,42.78,103.1,3.987,39.18,108.3,4.992,40.99,68.2,4.992,40.99,183.6,4.492,40.09,132.9,-6999,-6999,198.2,5.487,41.88,62.9,4.483,40.07,96.3,-6999,-6999,0,-6999,-6999,0
100,2013,134,2400,13.83,4.504,40.11,103,2.504,36.51,108.3,4.004,39.21,68.5,4.004,39.21,183.6,3.504,38.31,86.3,-6999,-6999,200.2,4.004,39.21,62.9,2.508,36.51,97.1,-6999,-6999,0,-6999,-6999,0
100,2013,135,100,13.84,4.987,40.98,102.9,2.992,37.38,107.9,4.487,40.08,68.8,4.487,40.08,183.7,3.987,39.18,133.7,-6999,-6999,200,4.487,40.08,63.2,3.483,38.27,96.5,-6999,-6999,0,-6999,-6999,0
100,2013,135,200,13.86,3.487,38.28,102.7,1.987,35.58,108.1,2.992,37.38,68.9,2.992,37.38,76.6,2.492,36.49,133.8,-6999,-6999,200,2.992,37.38,63.1,1.492,34.68,96.4,-6999,-6999,0,-6999,-6999,0
100,2013,135,300,13.89,2,35.6,102.7,.5,32.9,108.1,1.996,35.59,68.9,1.996,35.59,76.6,1.5,34.7,133.8,-6999,-6999,200,1.996,35.59,63.2,.5,32.9,96.4,-6999,-6999,0,-6999,-6999,0
100,2013,135,400,13.92,1.996,35.59,102.9,.5,32.9,108.1,1.5,34.7,68.9,1.5,34.7,76.6,1.5,34.7,133.8,-6999,-6999,200,1.5,34.7,63,.5,32.9,96.4,-6999,-6999,0,-6999,-6999,0
100,2013,135,500,13.92,1.5,34.7,102.9,.496,32.89,108,1.5,34.7,68.5,1.496,34.69,76.7,1.496,34.69,133.8,-6999,-6999,200,1.496,34.69,63.1,.496,32.89,96.5,-6999,-6999,0,-6999,-6999,0
100,2013,135,600,13.93,1.525,34.74,102.6,.021,32.04,108,1.517,34.73,68.8,1.021,33.84,181.2,1.017,33.83,133.7,-6999,-6999,200,1.017,33.83,63.2,.017,32.03,97.4,-6999,-6999,0,-6999,-6999,0
100,2013,135,700,13.89,4.512,40.12,102.2,2.512,36.52,107.8,3.517,38.33,68.6,3.517,38.33,181,3.012,37.42,133.6,-6999,-6999,200,3.012,37.42,62.8,2.012,35.62,97.1,-6999,-6999,0,-6999,-6999,0
100,2013,135,800,13.84,6.029,42.85,102.7,4.029,39.25,107.9,5.529,41.95,68,5.525,41.94,182.9,4.533,40.16,86.1,-6999,-6999,200,4.525,40.15,62.3,3.529,38.35,96.3,-6999,-6999,0,-6999,-6999,0
100,2013,135,900,13.76,9.52,49.14,101.2,7.53,45.56,106.5,9.02,48.25,66.3,8.52,47.34,182.5,8.52,47.34,85.7,-6999,-6999,200,7.53,45.55,61.6,7.03,44.65,95.8,-6999,-6999,0,-6999,-6999,0
100,2013,135,1000,13.71,12,53.6,101.6,11.5,52.69,106.3,12,53.6,67,11.5,52.71,182.5,11.01,51.81,84.7,-6999,-6999,200,11,51.79,61.6,10.5,50.91,95.7,-6999,-6999,0,-6999,-6999,0
100,2013,135,1100,13.67,12,53.61,100.6,11,51.81,105.7,12,53.61,66.2,12,53.61,183.5,12,53.59,85.3,-6999,-6999,200,10.5,50.91,61.5,11,51.81,96,-6999,-6999,0,-6999,-6999,0
100,2013,135,1200,13.65,12.46,54.42,100.8,11.45,52.62,106.6,12.46,54.42,66.4,12.46,54.42,183.5,11.46,52.63,84.4,-6999,-6999,200,10.96,51.73,60.8,11.45,52.61,95.1,-6999,-6999,0,-6999,-6999,0
100,2013,135,1300,13.68,7.51,45.51,100.2,6.004,42.81,104.7,7.5,45.51,65.3,7.5,45.51,183.3,6.504,43.71,84,-6999,-6999,200,6.5,43.7,60.8,5.504,41.91,95,-6999,-6999,0,-6999,-6999,0
100,2013,135,1400,13.73,8.49,47.28,100,6.492,43.69,105.8,8,46.39,65.4,8,46.39,183.7,6.996,44.59,84.1,-6999,-6999,200,6.5,43.7,60.7,6,42.8,94.9,-6999,-6999,0,-6999,-6999,0
100,2013,135,1500,13.74,7.51,45.51,100.2,5.508,41.91,106,7.5,45.51,65.8,7.5,45.51,183.9,6.508,43.72,84,-6999,-6999,200,6.504,43.71,60.5,6.004,42.81,94.4,-6999,-6999,0,-6999,-6999,0
100,2013,135,1600,13.75,8.48,47.27,99.6,6.487,43.68,105.7,7.99,46.38,65.3,7.98,46.37,184.1,7.49,45.48,83.7,-6999,-6999,200,6.996,44.59,60.5,6.487,43.68,94.7,-6999,-6999,0,-6999,-6999,0
100,2013,135,1700,13.76,6.508,43.72,99.3,5.004,41.01,105.3,6.504,43.71,64.9,6.008,42.81,184,6.004,42.81,83.1,-6999,-6999,200,6.5,43.7,60.4,5.008,41.01,94.5,-6999,-6999,0,-6999,-6999,0
100,2013,135,1800,13.77,7.49,45.49,99.6,5.496,41.89,105.4,6.992,44.59,64.6,6.992,44.59,184.1,6.492,43.69,83.3,-6999,-6999,200,6.492,43.69,60.6,5.987,42.78,94.9,-6999,-6999,0,-6999,-6999,0
100,2013,135,1900,13.78,6.483,43.67,99.8,4.979,40.96,105.1,5.983,42.77,64.3,5.983,42.77,184.3,5.483,41.87,133.2,-6999,-6999,200,5.487,41.88,60.5,4.483,40.07,94.1,-6999,-6999,0,-6999,-6999,0
100,2013,135,2000,13.82,4.487,40.08,100.1,2.492,36.49,104.5,3.992,39.18,64.3,3.992,39.18,184.3,3.492,38.29,83.2,-6999,-6999,200,3.992,39.18,60.2,2.492,36.49,94,-6999,-6999,0,-6999,-6999,0
100,2013,135,2100,13.85,2.996,37.39,99.8,1.496,34.69,104.3,2.996,37.39,64.1,2.996,37.39,184.1,2.496,36.49,133.8,-6999,-6999,200,2.996,37.39,60.2,1.496,34.69,94.1,-6999,-6999,0,-6999,-6999,0
100,2013,135,2200,13.87,2.496,36.49,99.9,.996,33.79,104.5,2.496,36.49,64.3,2.496,36.49,183.8,1.996,35.59,133.8,-6999,-6999,200,2.496,36.49,59.9,.996,33.79,94.2,-6999,-6999,0,-6999,-6999,0
100,2013,135,2300,13.89,2.012,35.62,99.5,.508,32.91,104.5,2.008,35.62,64.4,2.008,35.62,183.7,1.512,34.72,133.7,-6999,-6999,200,2.012,35.62,59.8,.512,32.92,94.2,-6999,-6999,0,-6999,-6999,0
100,2013,135,2400,13.89,3.508,38.32,99.8,1.512,34.72,104,3.012,37.42,64.2,3.012,37.42,183.9,3.008,37.41,82.5,-6999,-6999,200,3.504,38.31,60,2.008,35.62,94,-6999,-6999,0,-6999,-6999,0
100,2013,136,100,13.88,4.483,40.07,99.3,2.983,37.37,103.8,4.483,40.07,64.3,4.483,40.07,183.7,3.987,39.18,82.7,-6999,-6999,200,3.987,39.18,60.3,2.983,37.37,94.1,-6999,-6999,0,-6999,-6999,0
100,2013,136,200,13.89,2.512,36.52,99.4,1.012,33.82,103.5,2.512,36.52,64.3,2.512,36.52,183.6,2.512,36.52,82.5,-6999,-6999,41.3,2.512,36.52,60.4,1.012,33.82,94.1,-6999,-6999,0,-6999,-6999,0
100,2013,136,300,13.89,3.987,39.18,99.3,2.487,36.48,103,3.987,39.18,64.5,3.987,39.18,183.7,3.987,39.18,82.1,3.992,39.18,42.9,3.992,39.18,60.5,2.496,36.49,94.6,-6999,-6999,0,-6999,-6999,0
100,2013,136,400,13.9,2.517,36.53,99.3,1.017,33.83,104.1,2.517,36.53,64.2,2.512,36.52,184,2.512,36.52,82.5,3.012,37.42,44.8,3.012,37.42,59.9,2.008,35.62,94,-6999,-6999,0,-6999,-6999,0
100,2013,136,500,13.89,4.487,40.08,98.6,2.987,37.38,104.4,4.487,40.08,63.9,3.992,39.18,184,3.987,39.18,82.1,4.487,40.08,44.4,4.483,40.07,60.2,2.987,37.38,94,-6999,-6999,0,-6999,-6999,0
100,2013,136,600,13.89,3.008,37.41,98.9,1.504,34.71,104.6,3.004,37.41,63.7,3.004,37.41,184,2.504,36.51,82.1,3.008,37.41,44.2,2.508,36.51,59.6,1.508,34.71,93.8,-6999,-6999,0,-6999,-6999,0
100,2013,136,700,13.88,4.025,39.24,98.6,2.029,35.65,104.2,3.521,38.34,62.1,3.521,38.34,183.8,3.021,37.44,82.2,4.021,39.24,44.1,3.512,38.32,59.4,2.517,36.53,93.7,-6999,-6999,0,-6999,-6999,0
100,2013,136,800,13.82,7.03,44.65,98.2,5.512,41.92,104.1,6.029,42.85,62.9,6.021,42.84,183.9,5.521,41.94,81.9,6.521,43.74,43.8,5.033,41.06,59,4.525,40.15,94.2,-6999,-6999,0,-6999,-6999,0
100,2013,136,900,13.77,10.5,50.91,98.1,7.04,44.68,102.9,9.51,49.12,63.2,8.52,47.33,184.4,8.03,46.45,81.4,9.01,48.22,42.7,9.01,48.22,59.1,7.53,45.55,93.4,-6999,-6999,0,-6999,-6999,0
100,2013,136,1000,13.65,11.01,51.81,97.8,12.01,53.62,101.6,11.02,51.83,62.1,10.51,50.92,184.5,11.51,52.72,80.3,10.52,50.94,42.9,10.51,50.91,58.8,11.01,51.82,93,-6999,-6999,0,-6999,-6999,0
100,2013,136,1100,13.59,12,53.59,96.4,13.48,56.26,101.9,12.99,55.38,61.7,12,53.59,184.4,12.99,55.38,79.6,12.99,55.38,41.5,11.5,52.69,58.1,12.49,54.49,91.4,-6999,-6999,0,-6999,-6999,0
100,2013,136,1200,13.58,11.51,52.72,95.9,11,51.8,100.7,12,53.61,61.1,11.51,52.72,184.3,11.51,52.72,78.5,12,53.6,41.2,11.01,51.81,57.2,11.5,52.7,91.4,-6999,-6999,0,-6999,-6999,0
100,2013,136,1300,13.59,12.5,54.5,95.9,11,51.8,100.5,12.5,54.5,61.2,12.5,54.5,184.3,12.5,54.5,77.6,12,53.61,40.9,12,53.6,56.5,11.5,52.7,91,-6999,-6999,0,-6999,-6999,0
100,2013,136,1400,13.59,12.45,54.42,95.7,10.95,51.72,101.3,12.45,54.42,60.8,12.45,54.42,184,12.45,54.42,77.3,12.45,54.42,41.4,11.96,53.53,56.9,11.45,52.62,91.1,-6999,-6999,0,-6999,-6999,0
100,2013,136,1500,13.65,7.05,44.69,95.2,5.542,41.97,101.2,7.04,44.68,60.1,7.04,44.68,183.9,7.04,44.68,77.6,7.04,44.68,40.5,7.04,44.68,56.3,6.037,42.87,91.3,-6999,-6999,0,-6999,-6999,0
100,2013,136,1600,13.65,13.01,55.41,94.4,10.5,50.91,100.2,12,53.61,60.6,12,53.6,183.9,12,53.6,76.6,12,53.61,40.2,12,53.6,55.9,10.5,50.91,90,-6999,-6999,0,-6999,-6999,0
100,2013,136,1700,13.65,13.97,57.16,94.2,10.99,51.78,99.7,12.48,54.47,59.9,11.99,53.58,183.8,11.99,53.58,75.8,12.49,54.48,40,11.98,53.57,55.7,10.98,51.77,89.7,-6999,-6999,0,-6999,-6999,0
100,2013,136,1800,13.65,10.97,51.75,94.5,9.47,49.06,100.2,10.48,50.86,59.5,10.48,50.86,183.1,10.47,50.85,75.4,10.98,51.76,41.1,9.98,49.96,55.4,8.98,48.16,90.4,-6999,-6999,0,-6999,-6999,0
100,2013,136,1900,13.69,7.98,46.36,93.8,6.475,43.66,99,7.98,46.36,59.7,7.97,46.35,183.7,7.47,45.45,74.9,8.47,47.25,38.7,7.48,45.46,55.4,6.475,43.66,89.2,-6999,-6999,0,-6999,-6999,0
100,2013,136,2000,13.74,5.487,41.88,93.2,3.487,38.28,99.9,5.487,41.88,59.8,4.987,40.98,183.8,4.492,40.09,75,5.483,41.87,38.7,4.987,40.98,55.6,3.487,38.28,89.6,-6999,-6999,0,-6999,-6999,0
100,2013,136,2100,13.8,3.992,39.18,93.4,1.996,35.59,99.9,3.992,39.18,59.9,3.496,38.29,183.7,3.492,38.29,75.2,3.496,38.29,39,3.496,38.29,55.5,1.996,35.59,89.7,-6999,-6999,0,-6999,-6999,0
100,2013,136,2200,13.84,3.008,37.41,94.2,1.508,34.71,99.9,3.004,37.41,59.9,3.004,37.41,183,2.504,36.51,75.1,3.008,37.41,40.8,3.004,37.41,55.6,1.504,34.71,89.6,-6999,-6999,0,-6999,-6999,0
100,2013,136,2300,13.86,3.996,39.19,93.3,2.496,36.49,99.7,3.496,38.29,59.9,3.496,38.29,183.7,2.996,37.39,75.7,3.992,39.18,40.7,3.496,38.29,55.2,1.996,35.59,89.7,-6999,-6999,0,-6999,-6999,0
100,2013,136,2400,13.87,3.483,38.27,93.9,1.987,35.58,99.7,2.987,37.38,60,2.987,37.38,183.1,2.492,36.49,133,2.987,37.38,39.9,2.987,37.38,55.4,1.487,34.68,90.1,-6999,-6999,0,-6999,-6999,0
100,2013,137,100,13.9,1.496,34.69,94,.492,32.88,99.8,1.496,34.69,60,1.496,34.69,181,1.492,34.68,75.5,1.492,34.68,39.6,1.496,34.69,55.3,-.004,31.99,90.2,-6999,-6999,0,-6999,-6999,0
100,2013,137,200,13.93,.992,33.79,94.1,-.504,31.09,99.8,.992,33.79,60,.992,33.79,68.7,.496,32.89,133.3,.496,32.89,39.5,.992,33.79,55.5,-.508,31.09,90.4,-6999,-6999,0,-6999,-6999,0
100,2013,137,300,13.95,-.004,31.99,94.3,-1.004,30.19,99.9,0,32,60,0,32,180.4,-.004,31.99,75.6,-.004,31.99,39.6,0,32,55.5,-1.5,29.3,90.4,-6999,-6999,0,-6999,-6999,0
100,2013,137,400,13.97,-.504,31.09,94,-1.508,29.29,99.7,-.008,31.98,59.8,-.012,31.98,181.6,-.504,31.09,75.7,-.5,31.1,39.7,-.004,31.99,55.4,-1.504,29.29,90.5,-6999,-6999,0,-6999,-6999,0
100,2013,137,500,13.99,-1.004,30.19,94.2,-2.5,27.5,99.8,-1,30.2,60,-1.5,29.3,181.6,-1,30.2,75.7,-.508,31.09,39.9,-.504,31.09,55.4,-2.004,28.39,90.6,-6999,-6999,0,-6999,-6999,0
100,2013,137,600,14,-1.483,29.33,94,-2.487,27.52,100,-.987,30.22,60,-1.483,29.33,68.5,-.992,30.21,75.5,-1.483,29.33,39.7,-.987,30.22,55.4,-2.487,27.52,90.3,-6999,-6999,0,-6999,-6999,0
100,2013,137,700,13.94,.567,33.02,94.3,-.938,30.31,99.7,.55,32.99,59.7,.554,33,183.4,.058,32.1,75.5,.571,33.03,38.9,.558,33,55.8,-.942,30.3,90.1,-6999,-6999,0,-6999,-6999,0
100,2013,137,800,13.84,8.54,47.37,93,6.521,43.74,99.5,6.542,43.78,59.5,7.02,44.65,183.8,7.02,44.64,75.5,9.01,48.22,39.6,7.52,45.54,55.4,6.025,42.84,89.7,-6999,-6999,0,-6999,-6999,0
100,2013,137,900,13.75,13.5,56.29,92.3,9.05,48.28,97.1,11.51,52.72,58,10.02,50.03,184.2,9.53,49.15,74.5,10.51,50.92,37.8,10.51,50.92,53.7,9.02,48.25,89.4,-6999,-6999,0,-6999,-6999,0
100,2013,137,1000,13.63,13.01,55.42,92.8,14.51,58.12,96.1,12.52,54.53,58.4,12.02,53.63,184.2,13.02,55.44,73.6,12.02,53.65,40.2,12.01,53.62,54.7,12.02,53.65,88.7,-6999,-6999,0,-6999,-6999,0
100,2013,137,1100,13.49,14.5,58.11,92.3,15.99,60.78,96,14.52,58.13,56.9,14.01,57.22,67.1,15.49,59.88,73.3,15,59.01,39.4,13.51,56.32,53,15.02,59.03,86.2,-6999,-6999,0,-6999,-6999,0
100,2013,137,1200,13.45,15.02,59.04,90.5,15.01,59.01,95.6,16.5,61.71,56,15.52,59.93,65.5,14.53,58.16,71.6,15.5,59.91,36.9,15.02,59.04,52,17,62.6,84.8,-6999,-6999,0,-6999,-6999,0
100,2013,137,1300,13.47,18,64.39,89.6,16,60.79,95.7,16.99,62.59,55.7,17.49,63.48,64.6,18.48,65.27,71.3,16,60.81,36.5,17.49,63.48,51.3,16.99,62.59,85,-6999,-6999,0,-6999,-6999,0
100,2013,137,1400,13.5,17.49,63.48,90,15.49,59.88,96.1,16,60.79,56.5,16,60.8,180,16.49,61.68,71,16.5,61.69,36.9,16,60.79,50.5,15.99,60.78,83.5,-6999,-6999,0,-6999,-6999,0
100,2013,137,1500,13.49,16,60.8,89.5,14.49,58.08,94.5,15.49,59.88,56.1,15.99,60.78,181.4,14.99,58.99,70.1,16,60.79,36.5,15.49,59.88,50.5,14.48,58.07,84,-6999,-6999,0,-6999,-6999,0
100,2013,137,1600,13.52,15.99,60.78,88.8,12.99,55.38,95,13.99,57.19,55.7,14.99,58.98,63.2,13.99,57.19,69.8,15.49,59.88,35.9,14,57.19,49.2,12.5,54.5,83.5,-6999,-6999,0,-6999,-6999,0
100,2013,137,1700,13.55,14.98,58.97,88.7,11.99,53.59,94.8,13,55.39,55.9,13.49,56.28,63.5,12.99,55.38,70,14,57.19,35.7,13.5,56.29,49.9,12.49,54.49,83.7,-6999,-6999,0,-6999,-6999,0
100,2013,137,1800,13.59,12.97,55.35,88.8,10.97,51.75,94.5,12.47,54.45,55.7,12.47,54.45,63,11.97,53.54,70.1,13.46,56.23,35.4,12.96,55.32,49.1,11.46,52.63,84.1,-6999,-6999,0,-6999,-6999,0
100,2013,137,1900,13.64,9.49,49.08,89.3,7.49,45.48,94.3,8.99,48.18,56.3,8.99,48.18,63.9,7.99,46.38,70.2,8.99,48.19,34.9,8,46.39,50.1,6.996,44.59,84.3,-6999,-6999,0,-6999,-6999,0
100,2013,137,2000,13.7,8,46.39,88.9,5.996,42.79,94,7.49,45.49,56.1,7.5,45.49,63.3,6.996,44.59,70,8,46.4,34.2,7.5,45.5,50.1,6.496,43.69,84.4,-6999,-6999,0,-6999,-6999,0
100,2013,137,2100,13.74,7.5,45.51,89.8,5.504,41.91,94.6,6.504,43.71,56.5,7,44.61,63.6,6.508,43.72,70.1,8,46.4,33.3,7.5,45.51,50,6.008,42.81,84.8,-6999,-6999,0,-6999,-6999,0
100,2013,137,2200,13.76,8,46.39,89.4,5.996,42.79,95,7,44.61,56.3,7.5,45.5,63.6,7.5,45.49,69.9,8,46.39,33.7,7.99,46.38,49.8,6.992,44.59,84.4,-6999,-6999,0,-6999,-6999,0
100,2013,137,2300,13.77,7.49,45.49,88.7,5.487,41.88,94.4,7.48,45.47,56,7.48,45.47,63.6,6.987,44.58,69.7,7.49,45.49,33.1,6.992,44.59,49.9,5.987,42.78,83.5,-6999,-6999,0,-6999,-6999,0
100,2013,137,2400,13.79,6.492,43.69,88.9,3.996,39.19,94.4,5.496,41.89,56,5.496,41.89,63.7,5.492,41.88,69.9,6.492,43.69,33.6,5.992,42.78,49.8,4.492,40.09,83.7,-6999,-6999,0,-6999,-6999,0
100,2013,138,100,13.82,5.504,41.91,89.3,3.504,38.31,95,5.004,41.01,56.3,5.008,41.01,64.3,4.508,40.12,70.2,5.508,41.91,35.4,5,41,49.8,3.5,38.3,83.7,-6999,-6999,0,-6999,-6999,0
100,2013,138,200,13.83,6,42.8,88.8,4.004,39.21,94.3,5.504,41.91,56.5,6,42.8,63.7,5.5,41.9,70.2,6.496,43.69,34.6,5.008,41.01,49.2,3.508,38.32,83.5,-6999,-6999,0,-6999,-6999,0
100,2013,138,300,13.83,5.996,42.79,88.6,4.496,40.09,93.2,5.996,42.79,55.3,5.992,42.78,63.2,5.496,41.89,69.8,5.996,42.79,34.9,5.996,42.79,49.3,4.492,40.09,83.7,-6999,-6999,0,-6999,-6999,0
100,2013,138,400,13.82,5.5,41.9,88.6,3.996,39.19,93.7,5.496,41.89,55.4,5,41,63,5,41,69.8,5.5,41.9,35.2,5.5,41.9,49.3,3.504,38.31,83.6,-6999,-6999,0,-6999,-6999,0
100,2013,138,500,13.84,5.492,41.88,88.9,3.496,38.29,92.6,4.992,40.99,55.8,4.992,40.99,63.2,4.992,40.99,69.9,5.492,41.88,35.6,5.492,41.88,49.4,3.992,39.18,83.8,-6999,-6999,0,-6999,-6999,0
100,2013,138,600,13.84,4.5,40.1,88.4,3,37.4,92.6,4,39.2,55.8,4,39.2,63,4,39.2,69.9,4.5,40.1,35.2,4.496,40.09,49.2,3,37.4,83.8,-6999,-6999,0,-6999,-6999,0
100,2013,138,700,13.85,4.508,40.12,88.9,3.008,37.41,92.7,4.012,39.22,56,4.012,39.22,63.1,4.012,39.22,69.7,4.512,40.12,34.9,4.008,39.21,49.8,3.008,37.41,83.8,-6999,-6999,0,-6999,-6999,0
100,2013,138,800,13.83,5.508,41.91,88.7,4.008,39.21,93.5,5.508,41.91,55.6,5.508,41.91,63,5.508,41.91,69.5,6.004,42.81,34.5,5.008,41.01,49.6,4.012,39.22,83.2,-6999,-6999,0,-6999,-6999,0
100,2013,138,900,13.81,6.504,43.71,89,5.008,41.01,94,6.504,43.71,55.8,6.504,43.71,181.5,6.504,43.71,69.9,6.504,43.71,35.4,6.008,42.81,49.7,5.504,41.91,83.4,-6999,-6999,0,-6999,-6999,0
100,2013,138,1000,13.8,7,44.61,88.3,6,42.8,93.6,7,44.6,55.6,7,44.6,62.8,7,44.6,69.4,7,44.61,34,7,44.6,48.9,6.004,42.81,83.2,-6999,-6999,0,-6999,-6999,0
100,2013,138,1100,13.76,7.51,45.52,88.5,6.017,42.83,92.5,7.02,44.63,55,7.02,44.63,182.7,7.02,44.63,69.1,7.51,45.52,34.9,7.01,44.62,49,6.512,43.72,83.9,-6999,-6999,0,-6999,-6999,0
100,2013,138,1200,13.74,9,48.2,87.6,8,46.39,94,9,48.2,54.2,9,48.19,183.6,9,48.19,68.7,9,48.19,32.7,8.5,47.31,48.8,8,46.4,82.9,-6999,-6999,0,-6999,-6999,0
100,2013,138,1300,13.72,9,48.21,87.5,7.5,45.51,93,9,48.21,54.3,8.51,47.31,183.3,8.5,47.31,68.6,8.51,47.31,34.4,9,48.2,48.5,8,46.41,82.6,-6999,-6999,0,-6999,-6999,0
100,2013,138,1400,13.7,9.5,49.11,87.4,8,46.41,92,9.5,49.11,53.8,9.5,49.1,184,9,48.21,68,9.5,49.1,32.2,9,48.21,48.2,8.5,47.3,82.2,-6999,-6999,0,-6999,-6999,0
100,2013,138,1500,13.69,9.96,49.92,87.8,8.46,47.23,93.2,9.96,49.93,54.1,9.46,49.03,183.2,9.46,49.03,68.4,9.46,49.03,32.9,9.46,49.03,48.2,8.46,47.23,82.9,-6999,-6999,0,-6999,-6999,0
100,2013,138,1600,13.74,5.017,41.03,87.2,4.012,39.22,92.8,5.508,41.91,54.3,5.012,41.02,183.4,5.012,41.02,68.2,5.012,41.02,32.6,5.012,41.02,48.4,4.012,39.22,82.5,-6999,-6999,0,-6999,-6999,0
100,2013,138,1700,13.76,6.996,44.59,86.9,5.496,41.89,92,6.5,43.7,54,6.496,43.69,182.3,6.496,43.69,67.7,6.496,43.69,35.2,6.5,43.7,47.9,5.496,41.89,81.5,-6999,-6999,0,-6999,-6999,0
100,2013,138,1800,13.76,6.483,43.67,87.4,4.983,40.97,91.8,6.483,43.67,53.8,5.987,42.78,183.9,5.987,42.78,68,5.987,42.78,32.5,6.483,43.67,48.2,4.987,40.98,81.2,-6999,-6999,0,-6999,-6999,0
100,2013,138,1900,13.79,4.483,40.07,87.4,2.987,37.38,92.1,4.483,40.07,53.4,4.483,40.07,184.4,4.483,40.07,67.7,4.483,40.07,32.3,4.487,40.08,48,3.483,38.27,81.7,-6999,-6999,0,-6999,-6999,0
100,2013,138,2000,13.84,2.492,36.49,87.2,1.487,34.68,92.1,2.492,36.49,53.5,2.492,36.49,183.1,2.492,36.49,133.3,2.492,36.49,32.1,2.987,37.38,48.1,1.492,34.68,81.9,-6999,-6999,0,-6999,-6999,0
100,2013,138,2100,13.9,1.508,34.71,87.4,.012,32.02,92.1,1.508,34.71,53.6,1.508,34.71,183.7,1.508,34.71,133.2,1.508,34.71,32.8,1.508,34.71,48.1,.508,32.91,81.7,-6999,-6999,0,-6999,-6999,0
100,2013,138,2200,13.92,2.496,36.49,87.6,1.496,34.69,93,2.5,36.5,53.1,2.496,36.49,183.1,2.496,36.49,67.7,2.496,36.49,32.9,2.496,36.49,48,1.496,34.69,81.8,-6999,-6999,0,-6999,-6999,0
100,2013,138,2300,13.92,1.996,35.59,87.2,.992,33.79,93.1,2.492,36.49,53.2,1.996,35.59,61.1,1.996,35.59,67.8,1.996,35.59,32.9,1.996,35.59,47.8,.992,33.79,82.1,-6999,-6999,0,-6999,-6999,0
100,2013,138,2400,13.92,1.496,34.69,87.3,-.004,31.99,93.1,1.496,34.69,52.9,1.496,34.69,61.2,1.496,34.69,67.9,1.496,34.69,32.7,1.496,34.69,48,0,32,81.8,-6999,-6999,0,-6999,-6999,0
100,2013,139,100,13.94,1,33.8,87.3,-.5,31.1,92.9,1,33.8,52.9,1,33.8,60.9,1,33.8,67.9,1,33.8,32.9,1,33.8,48,-.004,31.99,81.9,-6999,-6999,0,-6999,-6999,0
100,2013,139,200,13.95,.996,33.79,87.5,-.504,31.09,93,.996,33.79,52.9,.996,33.79,61.4,.996,33.79,67.7,.996,33.79,32.6,.996,33.79,48.1,-.5,31.1,81.9,-6999,-6999,0,-6999,-6999,0
100,2013,139,300,13.96,.5,32.9,87,-1,30.2,93,.5,32.9,52.9,.5,32.9,61.4,.5,32.9,67.7,.5,32.9,32.6,.5,32.9,48.1,-.504,31.09,82,-6999,-6999,0,-6999,-6999,0
100,2013,139,400,13.96,.496,32.89,87.1,-1.004,30.19,93,.496,32.89,52.8,.496,32.89,61.5,.496,32.89,133,.496,32.89,32.6,.496,32.89,48,-1.004,30.19,82.1,-6999,-6999,0,-6999,-6999,0
100,2013,139,500,13.98,0,32,87.1,-1.496,29.31,93,.004,32.01,52.7,0,32,61.5,0,32,67.7,.004,32.01,32.4,.004,32.01,47.9,-1.496,29.31,82,-6999,-6999,0,-6999,-6999,0
100,2013,139,600,13.98,.008,32.01,87.3,-.996,30.21,93.1,.504,32.91,52.9,.008,32.01,61.4,.008,32.01,67.9,.504,32.91,32.5,.504,32.91,48,-.996,30.21,81.9,-6999,-6999,0,-6999,-6999,0
100,2013,139,700,13.95,1.025,33.85,87,-.471,31.15,92.4,1.017,33.83,52.7,1.017,33.83,183.7,1.017,33.83,67.5,1.021,33.84,32.9,1.017,33.83,48,-.479,31.14,81.6,-6999,-6999,0,-6999,-6999,0
100,2013,139,800,13.92,4.021,39.24,86.4,2.996,37.39,92.8,3.017,37.43,52.2,3.004,37.41,184.3,3.004,37.41,67.5,3.5,38.3,31.9,3.008,37.41,47.8,2.004,35.61,81.5,-6999,-6999,0,-6999,-6999,0
100,2013,139,900,13.89,6.483,43.67,86.9,2.529,36.55,90.5,4.996,40.99,53.1,3.508,38.32,184.6,3.521,38.34,67.3,3.504,38.31,32.6,4.004,39.21,47.8,2.517,36.53,80.9,-6999,-6999,0,-6999,-6999,0
100,2013,139,1000,13.78,4.508,40.12,86.6,6.008,42.81,90.2,4.512,40.12,53.1,4.508,40.12,184.5,6.004,42.81,66.7,4.017,39.23,30.5,4.504,40.11,47.7,4.508,40.12,80.7,-6999,-6999,0,-6999,-6999,0
100,2013,139,1100,13.67,5.508,41.91,85.3,6.996,44.59,90.8,6.012,42.82,51.4,5.512,41.92,184.7,6.5,43.7,66.7,6.004,42.81,30.5,5.017,41.03,47,5.517,41.93,78.3,-6999,-6999,0,-6999,-6999,0
100,2013,139,1200,13.65,6.508,43.72,84.2,6.496,43.69,91.2,7.5,45.49,51.9,7,44.6,184.7,6.512,43.72,65.4,6.5,43.7,29.3,7,44.61,44.7,7.5,45.49,78.1,-6999,-6999,0,-6999,-6999,0
100,2013,139,1300,13.67,7.5,45.49,83.8,5.996,42.79,91,6.996,44.59,51.5,6.996,44.59,184.4,7.99,46.38,64.8,6.496,43.69,31.2,7.49,45.49,45.3,6.987,44.58,78.5,-6999,-6999,0,-6999,-6999,0
100,2013,139,1400,13.73,7,44.61,84.7,5.504,41.91,90.5,6.504,43.71,52.4,6.504,43.71,184.7,6.508,43.72,64.6,6.012,42.82,30.3,6.504,43.71,45.4,5.504,41.91,77.9,-6999,-6999,0,-6999,-6999,0
100,2013,139,1500,13.72,7.46,45.42,84.2,5.958,42.72,90,6.962,44.53,52.3,6.958,44.53,184.8,7.46,45.42,64.5,7.45,45.42,26.9,6.958,44.53,45.3,5.958,42.72,79.2,-6999,-6999,0,-6999,-6999,0
100,2013,139,1600,13.8,2.525,36.54,83.8,1.017,33.83,90.8,2.512,36.52,52.1,2.017,35.63,184.6,2.512,36.52,64.7,2.017,35.63,26.7,2.021,35.64,44.7,1.017,33.83,78.6,-6999,-6999,0,-6999,-6999,0
100,2013,139,1700,13.84,5.471,41.85,83.7,2.979,37.36,90.8,3.983,39.17,52,3.983,39.17,184.4,3.983,39.17,64.6,3.983,39.17,26.3,4.479,40.06,44.7,2.983,37.37,78,-6999,-6999,0,-6999,-6999,0
100,2013,139,1800,13.86,2,35.6,83.7,.5,32.9,90.8,2,35.6,52,2,35.6,184.4,2,35.6,133.8,2,35.6,26.3,2,35.6,44.9,1,33.8,78,-6999,-6999,0,-6999,-6999,0
100,2013,139,1900,13.9,1.996,35.59,83.9,.496,32.89,90.8,1.996,35.59,52.3,1.996,35.59,184.1,1.996,35.59,133,1.996,35.59,25.9,1.996,35.59,45,.992,33.79,78.2,-6999,-6999,0,-6999,-6999,0
100,2013,139,2000,13.92,1.496,34.69,84,0,32,90.8,1.5,34.7,52.2,1.496,34.69,184.2,1.496,34.69,133,1.496,34.69,25.9,1.5,34.7,44.9,0,32,78.6,-6999,-6999,0,-6999,-6999,0
100,2013,139,2100,13.94,1,33.8,84,-.004,31.99,90.9,1.496,34.69,52.4,1,33.8,183.9,1,33.8,64.3,1,33.8,25.9,1.496,34.69,44.9,0,32,78.2,-6999,-6999,0,-6999,-6999,0
100,2013,139,2200,13.94,.996,33.79,84.2,-.504,31.09,90.8,.996,33.79,52,.996,33.79,183.9,.996,33.79,64.4,.996,33.79,25.9,1,33.8,44.8,-.004,31.99,78.1,-6999,-6999,0,-6999,-6999,0
100,2013,139,2300,13.96,.5,32.9,84.2,-.996,30.21,90.7,.5,32.9,52.4,.5,32.9,183.9,.5,32.9,64.4,.5,32.9,25.9,1,33.8,44.9,-.5,31.1,78.4,-6999,-6999,0,-6999,-6999,0
100,2013,139,2400,13.96,.5,32.9,84.2,-.504,31.09,90.7,.5,32.9,52.4,.5,32.9,183.9,.5,32.9,64.4,.5,32.9,25.8,.996,33.79,44.9,-.5,31.1,78.4,-6999,-6999,0,-6999,-6999,0
100,2013,140,100,13.97,.504,32.91,84,-.996,30.21,90.7,.504,32.91,52.2,.5,32.9,183.9,.504,32.91,64.3,.5,32.9,25.8,.504,32.91,44.9,-.5,31.1,78.4,-6999,-6999,0,-6999,-6999,0
100,2013,140,200,13.96,1,33.8,84,-.5,31.1,90.7,1,33.8,51.9,.504,32.91,184.2,1,33.8,64.3,.504,32.91,26.1,1,33.8,44.9,-.5,31.1,78.4,-6999,-6999,0,-6999,-6999,0
100,2013,140,300,13.96,.996,33.79,83.8,-.504,31.09,90.7,.996,33.79,51.9,.996,33.79,183.9,.996,33.79,64.4,.992,33.79,25.6,.996,33.79,44.9,-.504,31.09,78.2,-6999,-6999,0,-6999,-6999,0
100,2013,140,400,13.96,.496,32.89,84,-1.004,30.19,90.3,.496,32.89,51.9,.496,32.89,183.9,.496,32.89,133.8,0,32,26.1,.496,32.89,44.8,-1.004,30.19,78.6,-6999,-6999,0,-6999,-6999,0
100,2013,140,500,13.97,-.004,31.99,83.6,-1.5,29.3,90.2,0,32,51.2,-.004,31.99,183.6,0,32,63.9,-.004,31.99,26.1,0,32,45,-1.5,29.3,78.3,-6999,-6999,0,-6999,-6999,0
100,2013,140,600,13.98,-.496,31.11,84,-1.5,29.3,86.2,0,32,51.4,-.496,31.11,183.5,0,32,63.9,-.496,31.11,25.4,0,32,44.8,-1.5,29.3,78.3,-6999,-6999,0,-6999,-6999,0
100,2013,140,700,13.97,.008,32.01,84,-1.492,29.32,87.1,.008,32.01,51.4,.004,32.01,183.9,.008,32.01,133.8,.008,32.01,25.1,.008,32.01,43.8,-1.487,29.32,78.6,-6999,-6999,0,-6999,-6999,0
100,2013,140,800,13.96,1.029,33.85,83.7,-.483,31.13,87.1,1.021,33.84,50.6,.517,32.93,184.1,1.017,33.83,64.4,1.017,33.83,23.3,1.017,33.83,45.3,.017,32.03,78.9,-6999,-6999,0,-6999,-6999,0
100,2013,140,900,13.93,4.5,40.1,84,1.533,34.76,90.3,3.512,38.32,51.7,2.517,36.53,184.4,3.021,37.44,65,3.008,37.41,28.6,3.012,37.42,45,2.021,35.64,78.3,-6999,-6999,0,-6999,-6999,0
100,2013,140,1000,13.87,4.5,40.1,83.7,5.496,41.89,88.3,5,41,51.4,4.496,40.09,184,5.5,41.9,64.5,4.004,39.21,26.2,4.496,40.09,45.3,4.496,40.09,78.9,-6999,-6999,0,-6999,-6999,0
100,2013,140,1100,13.8,4.504,40.11,82.9,4.992,40.99,88.9,5.004,41.01,50.9,4.004,39.21,184.2,5.496,41.89,63.7,4.5,40.1,27,4.008,39.21,44.9,4.004,39.21,78.3,-6999,-6999,0,-6999,-6999,0
100,2013,140,1200,13.79,4.996,40.99,82.2,3.992,39.18,89.8,5.487,41.88,50.9,4.496,40.09,184.3,4.992,40.99,63.2,4.492,40.09,28.7,4.992,40.99,43.8,4.487,40.08,77.1,-6999,-6999,0,-6999,-6999,0
100,2013,140,1300,13.78,4.504,40.11,82.9,3.004,37.41,88.2,4.008,39.21,50.6,4.004,39.21,184.2,4.004,39.21,63.1,3.508,38.32,27,4.004,39.21,44,3.004,37.41,77.3,-6999,-6999,0,-6999,-6999,0
100,2013,140,1400,13.81,4.987,40.98,82.5,3.487,38.28,89.1,4.987,40.98,50.9,4.492,40.09,184.3,4.492,40.09,63.3,4.492,40.09,26.7,4.487,40.08,44.1,3.487,38.28,77.4,-6999,-6999,0,-6999,-6999,0
100,2013,140,1500,13.83,3.5,38.3,82.2,2,35.6,89.6,3.504,38.31,50.9,3.5,38.3,184.3,3.5,38.3,62.8,3.5,38.3,26.4,3.004,37.41,43.7,2.004,35.61,77.3,-6999,-6999,0,-6999,-6999,0
100,2013,140,1600,13.83,3.512,38.32,82.1,2.008,35.62,89.5,4.004,39.21,50.8,3.508,38.32,184.2,3.508,38.32,63.1,3.508,38.32,27.2,3.508,38.32,44,2.504,36.51,77.1,-6999,-6999,0,-6999,-6999,0
100,2013,140,1700,13.85,4.996,40.99,82.2,3,37.4,89.1,4.496,40.09,50.8,4.496,40.09,184.3,4.496,40.09,63.2,4.496,40.09,27,4.496,40.09,42.9,3,37.4,77.1,-6999,-6999,0,-6999,-6999,0
100,2013,140,1800,13.84,4.483,40.07,81.9,2.987,37.38,88.9,3.992,39.18,50.2,3.987,39.18,184.4,3.987,39.18,63,3.987,39.18,27.4,3.987,39.18,43.1,2.983,37.37,76.3,-6999,-6999,0,-6999,-6999,0
100,2013,140,1900,13.86,2.487,36.48,82.4,1.487,34.68,89.1,2.987,37.38,50.2,2.487,36.48,184.2,2.492,36.49,63.2,2.487,36.48,28.4,2.492,36.49,43.4,.992,33.79,76.6,-6999,-6999,0,-6999,-6999,0
100,2013,140,2000,13.9,1,33.8,82.4,-.004,31.99,89.1,1.496,34.69,50.4,1,33.8,183.9,1.496,34.69,63.3,1,33.8,27.5,1.496,34.69,43.4,-.004,31.99,76.4,-6999,-6999,0,-6999,-6999,0
100,2013,140,2100,13.93,.992,33.79,82.1,-.508,31.09,89,.992,33.79,50.4,.992,33.79,183.5,.992,33.79,63.4,.996,33.79,27.7,.992,33.79,43.4,-.508,31.09,76.7,-6999,-6999,0,-6999,-6999,0
100,2013,140,2200,13.95,.004,32.01,82,-1.496,29.31,89,.004,32.01,50.4,.004,32.01,183.5,.004,32.01,63.4,.5,32.9,27.9,.004,32.01,43.4,-1.496,29.31,76.5,-6999,-6999,0,-6999,-6999,0
100,2013,140,2300,13.96,.496,32.89,82.1,-1.004,30.19,89,.496,32.89,50.4,.496,32.89,183.9,.496,32.89,63.4,.496,32.89,28.1,.496,32.89,43.4,-1.004,30.19,76.7,-6999,-6999,0,-6999,-6999,0
100,2013,140,2400,13.97,-.004,31.99,82.3,-1.5,29.3,89,0,32,50.2,-.004,31.99,183.6,0,32,62.9,-.004,31.99,28.9,0,32,43.4,-1.5,29.3,76.7,-6999,-6999,0,-6999,-6999,0
100,2013,141,100,13.98,-.504,31.09,81.9,-1.504,29.29,89,-.004,31.99,50.2,-.504,31.09,183.6,-.004,31.99,133.9,-.5,31.1,27.8,-.004,31.99,43.3,-1.504,29.29,76.6,-6999,-6999,0,-6999,-6999,0
100,2013,141,200,14,-1.004,30.19,82.1,-2.004,28.39,88.9,-.504,31.09,50.2,-1.004,30.19,184,-.504,31.09,133.4,-.508,31.09,28.4,-.504,31.09,43.3,-2.004,28.39,76.7,-6999,-6999,0,-6999,-6999,0
100,2013,141,300,14.01,-1.5,29.3,82.1,-2.504,27.49,88.9,-1.004,30.19,50.5,-1.5,29.3,183.7,-1.004,30.19,63.2,-1.5,29.3,28.4,-1.004,30.19,43.4,-2.504,27.49,76.8,-6999,-6999,0,-6999,-6999,0
100,2013,141,400,14.02,-1.5,29.3,82.1,-3,26.6,88.9,-1.5,29.3,50.5,-1.5,29.3,183.7,-1.5,29.3,133.4,-1.504,29.29,28.1,-1.5,29.3,43,-3,26.6,76.8,-6999,-6999,0,-6999,-6999,0
100,2013,141,500,14.03,-1.496,29.31,81.9,-2.996,26.61,88.9,-1.496,29.31,50.6,-1.496,29.31,183.6,-1.496,29.31,133.4,-1.992,28.41,27.8,-1.496,29.31,43.1,-2.996,26.61,76.7,-6999,-6999,0,-6999,-6999,0
100,2013,141,600,14.01,-.983,30.23,81.8,-2.483,27.53,88.9,-.983,30.23,50.6,-.983,30.23,183.9,-.983,30.23,63.3,-.983,30.23,28.4,-.983,30.23,43.1,-2.483,27.53,76.4,-6999,-6999,0,-6999,-6999,0
100,2013,141,700,13.97,1.012,33.82,81.9,-.479,31.14,88.4,1.008,33.82,50.4,1.008,33.82,184.4,1.008,33.82,63.1,1.012,33.82,28.4,1.008,33.82,43.1,-.487,31.12,76.3,-6999,-6999,0,-6999,-6999,0
100,2013,141,800,13.94,2.537,36.57,80.6,2.004,35.61,88.6,2.021,35.64,49.9,2.012,35.62,184.7,2.012,35.62,62.8,2.508,36.51,25.4,2.017,35.63,42.1,1.012,33.82,76.9,-6999,-6999,0,-6999,-6999,0
100,2013,141,900,13.9,6.979,44.56,81.9,2.521,36.54,87.8,4.504,40.11,49.6,3.508,38.32,183.9,3.517,38.33,62.5,3.508,38.32,25,4.004,39.21,43.7,2.517,36.53,76.4,-6999,-6999,0,-6999,-6999,0
100,2013,141,1000,13.8,4.504,40.11,80.7,5.004,41.01,86.5,5.004,41.01,50.1,4.504,40.11,183.9,5.508,41.91,60.9,4.508,40.12,25.2,4.504,40.11,43.2,4.504,40.11,75.3,-6999,-6999,0,-6999,-6999,0
100,2013,141,1100,13.7,5.012,41.02,80.3,5.508,41.91,86.5,5.517,41.93,48.2,5.017,41.03,184.2,6.5,43.7,60.5,5.508,41.91,25,5.012,41.02,41.9,5.017,41.03,74.2,-6999,-6999,0,-6999,-6999,0
100,2013,141,1200,13.65,6.517,43.73,79.2,6.504,43.71,86.6,7.5,45.5,49.2,7,44.61,184.5,6.517,43.73,60.1,6.5,43.7,24.3,6.508,43.72,40.7,6.996,44.59,73.9,-6999,-6999,0,-6999,-6999,0
100,2013,141,1300,13.67,8.5,47.3,79.2,6.996,44.59,85.9,7.5,45.5,48.7,7.5,45.5,184,8.49,47.28,59.9,6.508,43.72,23.4,7.5,45.5,40.2,6.5,43.7,73.9,-6999,-6999,0,-6999,-6999,0
100,2013,141,1400,13.7,8.49,47.28,79.3,6.492,43.69,85.6,7.49,45.49,48.9,7.49,45.49,184.7,7.49,45.49,59.6,7.49,45.49,25.1,7.49,45.49,39.5,6.487,43.68,74,-6999,-6999,0,-6999,-6999,0
100,2013,141,1500,13.69,6.996,44.59,79,5.496,41.89,85.8,6.496,43.69,48.3,6.496,43.69,184.5,6.496,43.69,59.2,6.496,43.69,23.3,6.496,43.69,39.5,5,41,74.3,-6999,-6999,0,-6999,-6999,0
100,2013,141,1600,13.73,6.496,43.69,79.4,4.996,40.99,86.2,6,42.8,48.6,6,42.8,184.5,6,42.8,59.2,6,42.8,24.3,5.996,42.79,40.8,4.996,40.99,74.1,-6999,-6999,0,-6999,-6999,0