100,2013,110,1200,13.94,1.008,33.82,125.6,.008,32.01,134.3,1.508,34.71,87.1,.512,32.92,184.8,1.008,33.82,115.9,.512,32.92,71.4,.508,32.91,87.7,.008,32.01,117.3,-6999,-6999,0,-6999,-6999,0
100,2013,110,1300,13.96,1.992,35.59,125.3,.992,33.79,134.1,2.492,36.49,87.2,1.992,35.59,185.2,1.992,35.59,133.3,1.992,35.59,71.2,1.496,34.69,87.6,.992,33.79,117.1,-6999,-6999,0,-6999,-6999,0
100,2013,110,1400,13.96,1.017,33.83,124.8,.012,32.02,133.8,1.512,34.72,86.9,1.012,33.82,185,1.017,33.83,115.8,1.017,33.83,71.3,1.012,33.82,87.5,.017,32.03,116.7,-6999,-6999,0,-6999,-6999,0
100,2013,110,1500,13.94,2.987,37.38,124.7,1.487,34.68,133.9,2.987,37.38,87.1,2.487,36.48,185.2,2.987,37.38,115.4,2.987,37.38,70.6,2.487,36.48,87.1,1.987,35.58,117,-6999,-6999,0,-6999,-6999,0
100,2013,110,1600,13.94,1.496,34.69,124.3,-.004,31.99,133.2,1.496,34.69,87,1,33.8,184.9,1.496,34.69,115.5,1.496,34.69,70.1,1,33.8,86.2,.496,32.89,117.1,-6999,-6999,0,-6999,-6999,0
100,2013,110,1700,13.94,.992,33.79,124.2,-.504,31.09,131.5,.992,33.79,86.9,.992,33.79,184.6,.992,33.79,133.3,.992,33.79,70.6,.992,33.79,85.7,-.008,31.98,117.1,-6999,-6999,0,-6999,-6999,0
100,2013,110,1800,13.94,-.008,31.98,123.3,-1.012,30.18,130.7,-.008,31.98,86.7,-.008,31.98,184.6,-.008,31.98,133.9,-.008,31.98,69.7,-.008,31.98,86,-1.012,30.18,117.4,-6999,-6999,0,-6999,-6999,0
100,2013,110,1900,13.97,-1.004,30.19,123.4,-2.504,27.49,130.5,-1.004,30.19,86.7,-1.004,30.19,184.4,-1.004,30.19,134.4,-1.004,30.19,69.7,-1.004,30.19,86.1,-2.504,27.49,117.5,-6999,-6999,0,-6999,-6999,0
100,2013,110,2000,13.99,-1.504,29.29,123.5,-3.004,26.59,129.8,-1.504,29.29,86.6,-1.504,29.29,184,-1.504,29.29,114.7,-1.504,29.29,69.9,-1.504,29.29,86.1,-3.004,26.59,117.1,-6999,-6999,0,-6999,-6999,0
100,2013,110,2100,14.01,-2.004,28.39,123.2,-3.504,25.69,130.6,-2.004,28.39,86.4,-2.004,28.39,184.1,-2.004,28.39,114.5,-2.004,28.39,70.1,-2.004,28.39,85.9,-3.504,25.69,117.2,-6999,-6999,0,-6999,-6999,0
100,2013,110,2200,14.02,-2.504,27.49,123.8,-4.004,24.79,132.5,-2.504,27.49,86.3,-2.504,27.49,183.7,-2.504,27.49,134,-2.504,27.49,67.9,-2.504,27.49,86.6,-4.004,24.79,115.9,-6999,-6999,0,-6999,-6999,0
100,2013,110,2300,14.04,-3.004,26.59,123.9,-4.504,23.89,132.8,-3.004,26.59,86.3,-3.004,26.59,183.8,-3.004,26.59,133.5,-3.004,26.59,70.4,-3.004,26.59,86.9,-4.504,23.89,116,-6999,-6999,0,-6999,-6999,0
100,2013,110,2400,14.05,-3.5,25.7,124.4,-5,23,129.5,-3.5,25.7,86.7,-3.5,25.7,183.8,-3.5,25.7,115.8,-3.5,25.7,70.2,-3.5,25.7,86.9,-5,23,116,-6999,-6999,0,-6999,-6999,0
100,2013,111,100,14.06,-3.504,25.69,124.5,-5.004,22.99,131.7,-3.504,25.69,87,-3.504,25.69,183.9,-3.504,25.69,123.7,-3.504,25.69,68.6,-3.504,25.69,87.2,-5.004,22.99,116.7,-6999,-6999,0,-6999,-6999,0
100,2013,111,200,14.07,-4.004,24.79,124.2,-5.5,22.1,131.2,-4.004,24.79,86.6,-4.004,24.79,183.9,-4.004,24.79,124.4,-4.004,24.79,66.1,-4,24.8,87,-5.5,22.1,117.6,-6999,-6999,0,-6999,-6999,0
100,2013,111,300,14.08,-4.5,23.9,124.2,-5.504,22.09,131.8,-4.496,23.91,86.6,-4.5,23.9,183.9,-4.5,23.9,123.7,-4.5,23.9,64.3,-4,24.8,87,-5.5,22.1,117.6,-6999,-6999,0,-6999,-6999,0
100,2013,111,400,14.1,-4.5,23.9,124.2,-6,21.2,132.2,-4.004,24.79,86.8,-4.504,23.89,183.6,-4.504,23.89,123.7,-4.5,23.9,69.9,-4.004,24.79,86.6,-5.504,22.09,117.6,-6999,-6999,0,-6999,-6999,0
100,2013,111,500,14.1,-4.504,23.89,124.3,-6.004,21.19,130.7,-4.5,23.9,86.6,-5,23,183.6,-5,23,123.7,-4.504,23.89,65.3,-4.5,23.9,86.4,-6,21.2,117.6,-6999,-6999,0,-6999,-6999,0
100,2013,111,600,14.12,-4.996,23.01,123.7,-6.496,20.31,131.3,-4.5,23.9,86.6,-5,23,183.6,-5,23,122.4,-4.996,23.01,220,-4.5,23.9,86.4,-6,21.2,117.6,-6999,-6999,0,-6999,-6999,0
100,2013,111,700,14.13,-4.5,23.9,123.7,-6,21.2,131,-4.5,23.9,86.5,-4.996,23.01,183.6,-4.996,23.01,120.1,-4.5,23.9,220,-4.5,23.9,86.3,-6,21.2,117.6,-6999,-6999,0,-6999,-6999,0
100,2013,111,800,14.12,-4.487,23.92,123.3,-5.987,21.22,131.2,-4.483,23.93,86,-4.492,23.91,184,-4.492,23.91,114.5,-4.487,23.92,220,-4.487,23.92,86.3,-5.987,21.22,117.3,-6999,-6999,0,-6999,-6999,0
100,2013,111,900,14.08,-2.983,26.63,123.3,-4.471,23.95,131.3,-2.487,27.52,85.8,-3.479,25.74,184.8,-3.479,25.74,114.4,-2.987,26.62,220,-2.987,26.62,86.4,-4.479,23.94,117.3,-6999,-6999,0,-6999,-6999,0
100,2013,111,1000,14.02,-.975,30.24,122.7,-.971,30.25,130,-.967,30.26,85.5,-.975,30.24,185.1,-.962,30.27,113.5,-1.458,29.38,69.5,-1.471,29.35,86.2,-1.95,28.49,116.2,-6999,-6999,0,-6999,-6999,0
100,2013,111,1100,13.92,2.017,35.63,122.3,2.512,36.52,129.7,3.017,37.43,84.6,2.021,35.64,184.9,3.504,38.31,112.9,3.512,38.32,70,2.029,35.65,85,4.021,39.24,114.1,-6999,-6999,0,-6999,-6999,0
100,2013,111,1200,13.88,3.992,39.18,121,3.979,39.16,129.2,4.983,40.97,83.3,4.487,40.08,185,4.008,39.21,112,4.979,40.96,68.9,5.475,41.85,84.2,6.475,43.66,112.8,-6999,-6999,0,-6999,-6999,0
100,2013,111,1300,13.89,3.012,37.42,120.7,1.517,34.73,128.8,3.008,37.41,83.3,3.008,37.41,184.9,4.996,40.99,110.2,2.512,36.52,70,2.512,36.52,83.9,3.496,38.29,111.7,-6999,-6999,0,-6999,-6999,0
100,2013,111,1400,13.88,4.5,40.1,120.2,3.5,38.3,128.3,4.004,39.21,82.9,4.008,39.21,185.2,4.5,40.1,110.2,4.004,39.21,68.9,4.004,39.21,83.7,3.008,37.41,112.7,-6999,-6999,0,-6999,-6999,0
100,2013,111,1500,13.88,4.492,40.09,120.4,3.487,38.28,128.2,4.492,40.09,82.8,4.983,40.97,185,4.492,40.09,122.9,4.492,40.09,69.6,4.492,40.09,83.5,3.987,39.18,111.8,-6999,-6999,0,-6999,-6999,0
100,2013,111,1600,13.88,3.483,38.27,120,1.983,35.57,128,3.483,38.27,82.9,2.987,37.38,185.1,3.483,38.27,133.3,3.483,38.27,69.2,3.483,38.27,83.3,2.483,36.47,111.8,-6999,-6999,0,-6999,-6999,0
100,2013,111,1700,13.9,1.479,34.66,120,-.017,31.97,127.5,1.483,34.67,82.2,1.479,34.66,184.6,1.483,34.67,133.9,1.483,34.67,68.6,1.483,34.67,83,.479,32.86,112,-6999,-6999,0,-6999,-6999,0
100,2013,111,1800,13.93,-1.008,30.18,119.7,-2.008,28.38,127.2,-.512,31.08,82.5,-1.008,30.18,184.7,-.508,31.09,133.9,-.512,31.08,67,-.512,31.08,83,-2.008,28.38,110.7,-6999,-6999,0,-6999,-6999,0
100,2013,111,1900,13.98,-1.996,28.41,119.3,-3,26.6,127,-1.996,28.41,82.4,-1.996,28.41,184.7,-1.5,29.3,133.9,-1.996,28.41,66.7,-1.996,28.41,82.6,-3,26.6,110.7,-6999,-6999,0,-6999,-6999,0
100,2013,111,2000,14.01,-1.5,29.3,119.3,-3,26.6,126.9,-1.5,29.3,82,-1.5,29.3,184.7,-1.5,29.3,133.9,-1.5,29.3,67,-1.496,29.31,82.5,-3,26.6,110.7,-6999,-6999,0,-6999,-6999,0
100,2013,111,2100,14.02,-1.5,29.3,119.3,-3,26.6,126.7,-1.5,29.3,82,-1.504,29.29,184.7,-1.504,29.29,108.7,-1.5,29.3,67.2,-1.004,30.19,82.6,-3,26.6,110.7,-6999,-6999,0,-6999,-6999,0
100,2013,111,2200,14.03,-1.5,29.3,119.3,-3,26.6,127,-1.5,29.3,82.2,-1.996,28.41,184.4,-1.996,28.41,133.9,-1.5,29.3,67.4,-1.5,29.3,82.6,-3,26.6,110.7,-6999,-6999,0,-6999,-6999,0
100,2013,111,2300,14.04,-1.508,29.29,118.9,-3.008,26.59,126.8,-1.508,29.29,82.2,-1.508,29.29,184.1,-1.508,29.29,108.3,-1.508,29.29,67.8,-1.504,29.29,82.5,-3.004,26.59,110.8,-6999,-6999,0,-6999,-6999,0
100,2013,111,2400,14.04,-2.5,27.5,118.5,-4,24.8,126.6,-2.5,27.5,81.7,-2.5,27.5,184.1,-2.5,27.5,133.4,-2.5,27.5,67.9,-2.004,28.39,82.4,-3.504,25.69,110.5,-6999,-6999,0,-6999,-6999,0
100,2013,112,100,14.04,-2.504,27.49,119.7,-4.004,24.79,126.1,-2.504,27.49,80.9,-2.504,27.49,183.7,-2.504,27.49,123.3,-2.504,27.49,67.4,-2.504,27.49,82.2,-4.004,24.79,110.6,-6999,-6999,0,-6999,-6999,0
100,2013,112,200,14.04,-3,26.6,119,-4.5,23.9,127.2,-3,26.6,81.6,-3,26.6,183.7,-3,26.6,134,-3,26.6,66.6,-3,26.6,83,-4.5,23.9,111.1,-6999,-6999,0,-6999,-6999,0
100,2013,112,300,14.05,-3,26.6,120,-4.5,23.9,126.9,-3,26.6,82.2,-3,26.6,183.7,-3,26.6,134,-3,26.6,64.6,-3,26.6,83.2,-4.5,23.9,110.2,-6999,-6999,0,-6999,-6999,0
100,2013,112,400,14.06,-3,26.6,121.5,-4.5,23.9,128.4,-3,26.6,82.7,-3,26.6,183.7,-3,26.6,133.5,-3,26.6,65.6,-3,26.6,84,-4.5,23.9,111.4,-6999,-6999,0,-6999,-6999,0
100,2013,112,500,14.06,-3,26.6,121.8,-4.5,23.9,127.4,-3,26.6,83.4,-3.004,26.59,183.8,-3,26.6,111.7,-3.004,26.59,60.5,-3,26.6,84.8,-4.5,23.9,112.6,-6999,-6999,0,-6999,-6999,0
100,2013,112,600,14.06,-3.004,26.59,122.9,-4.5,23.9,130,-3.004,26.59,84.8,-3.5,25.7,183.8,-3,26.6,113,-3.5,25.7,220,-3,26.6,86,-4.5,23.9,115.9,-6999,-6999,0,-6999,-6999,0
100,2013,112,700,14.06,-3.492,25.71,123.7,-4.496,23.91,130.8,-3.492,25.71,83.1,-3.492,25.71,183.4,-2.996,26.61,114,-3.496,25.71,220,-2.996,26.61,85.7,-4.496,23.91,115.4,-6999,-6999,0,-6999,-6999,0
100,2013,112,800,14.04,-2.496,27.51,124.6,-3.992,24.82,131.7,-2.492,27.51,84.7,-2.496,27.51,184,-2.492,27.51,133.9,-2.987,26.62,67.9,-2.492,27.51,86.4,-3.987,24.82,116.9,-6999,-6999,0,-6999,-6999,0
100,2013,112,900,14.03,-2.004,28.39,126.8,-3.004,26.59,123.5,-1.504,29.29,85.9,-2.004,28.39,184.1,-1.508,29.29,133.4,-1.508,29.29,220,-1.508,29.29,87.9,-2.508,27.48,117.6,-6999,-6999,0,-6999,-6999,0
100,2013,112,1000,14.03,-2.5,27.5,129.1,-3.5,25.7,134.2,-2,28.4,230,-2.5,27.5,184.1,-2.496,27.51,119.4,-2.5,27.5,68.4,-2.5,27.5,90,-3.5,25.7,121.2,-6999,-6999,0,-6999,-6999,0
100,2013,112,1100,13.99,-2.479,27.54,129.1,-3.479,25.74,135.4,-1.983,28.43,88.1,-2.483,27.53,184.3,-1.979,28.44,118.7,-2.479,27.54,220,-2.483,27.53,90.1,-3.479,25.74,121.1,-6999,-6999,0,-6999,-6999,0
100,2013,112,1200,13.97,-.017,31.97,127.7,-1.017,30.17,126.5,-.012,31.98,87.3,-.512,31.08,184.7,.479,32.86,118.9,-.017,31.97,66.1,-.504,31.09,89.1,-1.008,30.18,119.4,-6999,-6999,0,-6999,-6999,0
100,2013,112,1300,13.96,-2.029,28.35,128.5,-3.029,26.55,137,-1.533,29.24,88.6,-2.029,28.35,183.6,-2.029,28.35,119.2,-2.029,28.35,220,-1.037,30.13,89.4,-2.037,28.33,118.7,-6999,-6999,0,-6999,-6999,0
100,2013,112,1400,14,-5.512,22.08,129.6,-6.512,20.28,137.9,-5.508,22.09,89.3,-5.512,22.08,183.8,-5.512,22.08,123.9,-5.512,22.08,220,-5.512,22.08,89.7,-6.508,20.29,120.5,-6999,-6999,0,-6999,-6999,0
100,2013,112,1500,14.06,-7.01,19.38,129.9,-8.02,17.57,138.6,-6.512,20.28,88.9,-7.01,19.38,183.9,-7.01,19.38,123.6,-7.01,19.38,68.2,-7.01,19.38,90.3,-7.52,18.47,121.2,-6999,-6999,0,-6999,-6999,0
100,2013,112,1600,14.11,-8.51,16.68,131.7,-10.01,13.98,139.1,-8.01,17.58,87.8,-8.51,16.68,184.3,-8.51,16.68,122.8,-8.51,16.68,67.5,-8.51,16.68,91.6,-9.51,14.88,123.3,-6999,-6999,0,-6999,-6999,0
100,2013,112,1700,14.16,-10,13.99,132.1,-11.5,11.29,235,-9.51,14.89,91.5,-10.01,13.98,184.9,-10,13.99,124.8,-10,13.99,74.6,-9.51,14.89,93.9,-11.01,12.18,220,-6999,-6999,0,-6999,-6999,0
100,2013,112,1800,14.2,-10.51,13.08,139.2,-12.01,10.38,235,-10.51,13.08,94.3,-11,12.2,184.9,-10.51,13.08,127.9,-10.51,13.08,74,-10.51,13.08,96.8,-12.01,10.38,131.5,-6999,-6999,0,-6999,-6999,0
100,2013,112,1900,14.24,-12,10.39,144.2,-13.5,7.69,153.7,-11.5,11.29,99.3,-11.02,12.17,184.8,-11.51,11.29,132.2,-11.51,11.29,81.5,-11.51,11.29,101.1,-13.5,7.69,137.9,-6999,-6999,0,-6999,-6999,0
100,2013,112,2000,14.28,-12.5,9.49,149.8,-14,6.792,159.3,-12,10.39,101.7,-13,8.6,184.8,-12.5,9.49,134.9,-12.5,9.49,76.3,-12.5,9.5,102.7,-14,6.792,143.5,-6999,-6999,0,-6999,-6999,0
100,2013,112,2100,14.3,-13,8.6,155.3,-14.5,5.9,164.6,-12.5,9.5,105.1,-13,8.6,184.8,-13,8.6,134.9,-13,8.6,84.4,-12.5,9.49,107,-14.5,5.9,148.3,-6999,-6999,0,-6999,-6999,0
100,2013,112,2200,14.32,-13,8.6,155.3,-14.5,5.9,164.3,-12.5,9.49,105.6,-13,8.59,184.8,-13,8.6,134.9,-13,8.6,75.5,-13,8.6,107,-14.5,5.9,148.3,-6999,-6999,0,-6999,-6999,0
100,2013,112,2300,14.33,-13,8.59,154.9,-14.5,5.893,164,-13,8.6,105.1,-13.5,7.7,181.7,-13,8.59,135,-13,8.59,81.5,-13,8.59,106.8,-14.5,5.893,148,-6999,-6999,0,-6999,-6999,0
100,2013,112,2400,14.34,-13.5,7.7,154.5,-15,5,163.2,-13,8.59,104.1,-13.5,7.7,181.7,-13.5,7.7,135,-13.5,7.7,220,-13.5,7.7,106.5,-15,5,147.7,-6999,-6999,0,-6999,-6999,0
100,2013,113,100,14.34,-13.5,7.7,154.5,-15,5,163.4,-13.5,7.7,104.6,-13.5,7.69,181.7,-13.5,7.7,132.7,-13.5,7.7,220,-13.5,7.7,106.3,-15,4.992,147.8,-6999,-6999,0,-6999,-6999,0
100,2013,113,200,14.35,-13.5,7.69,154.2,-15,4.992,162.3,-13.5,7.69,103.9,-14,6.8,184.5,-13.5,7.69,135,-13.5,7.69,83.8,-13.5,7.69,106.2,-15.5,4.1,146.8,-6999,-6999,0,-6999,-6999,0
100,2013,113,300,14.36,-14,6.792,153.8,-15.5,4.093,162.5,-14,6.8,104.4,-14,6.792,184.2,-14,6.8,135,-14,6.792,83.5,-14,6.8,105.9,-15.5,4.093,146.9,-6999,-6999,0,-6999,-6999,0
100,2013,113,400,14.37,-14.5,5.9,153.3,-16,3.2,161.7,-14,6.792,104.5,-14.5,5.9,184.9,-14,6.792,135,-14.5,5.9,220,-14,6.792,105.8,-16,3.2,146.6,-6999,-6999,0,-6999,-6999,0
100,2013,113,500,14.38,-14.5,5.893,153.3,-16,3.193,160.8,-14.5,5.9,104.6,-14.5,5.893,184.9,-14.5,5.893,135,-14.5,5.893,220,-14.5,5.9,105.4,-16,3.193,146.6,-6999,-6999,0,-6999,-6999,0
100,2013,113,600,14.38,-15,5,152.8,-16.5,2.3,161.5,-14.5,5.9,104,-15,5,184.9,-15,5,135,-15,5,83.8,-14.5,5.893,105.8,-16.5,2.3,146.6,-6999,-6999,0,-6999,-6999,0
100,2013,113,700,14.39,-14.99,5.015,152.4,-16.49,2.323,160.2,-14.49,5.915,103.7,-14.99,5.015,181.7,-14.99,5.015,135,-14.99,5.015,83.7,-14.99,5.015,105.7,-16.49,2.323,145.5,-6999,-6999,0,-6999,-6999,0
100,2013,113,800,14.39,-13.99,6.815,152.2,-14.99,5.015,160.2,-13.49,7.72,102.5,-13.99,6.815,184.8,-13.99,6.822,134.9,-13.99,6.815,82.2,-13.99,6.815,106.5,-14.99,5.023,144.3,-6999,-6999,0,-6999,-6999,0
100,2013,113,900,14.36,-12.98,8.63,152.4,-13.97,6.845,159.7,-12.48,9.53,102,-12.98,8.63,184.9,-12.48,9.53,134.8,-12.98,8.63,80.5,-12.98,8.63,107.1,-13.48,7.74,144.9,-6999,-6999,0,-6999,-6999,0
100,2013,113,1000,14.32,-10.98,12.23,151.6,-10.98,12.23,158.3,-10.49,13.12,103.2,-10.99,12.22,184.7,-10.48,13.13,134.7,-10.98,12.24,86.5,-10.99,12.22,107.1,-10.97,12.24,144.5,-6999,-6999,0,-6999,-6999,0
100,2013,113,1100,14.25,-8.99,15.82,151.4,-9,15.8,158,-8.99,15.82,103,-9.49,14.92,184.7,-8.5,16.71,134.7,-8.5,16.71,82.1,-9.49,14.92,105.9,-8,17.59,144.5,-6999,-6999,0,-6999,-6999,0
100,2013,113,1200,14.21,-7.98,17.63,151.1,-8.99,15.82,157.8,-7.49,18.52,102.2,-8.49,16.72,185.1,-7.98,17.63,134.6,-7.99,17.62,85.2,-7.99,17.62,106.4,-8.47,16.74,144.2,-6999,-6999,0,-6999,-6999,0
100,2013,113,1300,14.19,-5.996,21.21,150,-7.99,17.61,158,-6,21.2,102.8,-6.992,19.42,185,-5.992,21.21,134.6,-6.492,20.32,81,-6.496,20.31,106.2,-5.508,22.09,144.3,-6999,-6999,0,-6999,-6999,0
100,2013,113,1400,14.18,-5.512,22.08,150.7,-7.01,19.38,159,-6.008,21.18,103,-6.012,21.18,184.8,-5.017,22.97,134.7,-5.517,22.07,220,-6.012,21.18,106,-6.517,20.27,144.5,-6999,-6999,0,-6999,-6999,0
100,2013,113,1500,14.16,-6.996,19.41,150.6,-8.49,16.71,158.9,-6.992,19.42,104.1,-7.49,18.51,185.1,-6.992,19.42,134.6,-7.49,18.52,77.5,-7.49,18.52,106.4,-8.48,16.73,144.3,-6999,-6999,0,-6999,-6999,0
100,2013,113,1600,14.16,-6.504,20.29,150.7,-7.51,18.48,159.2,-6.008,21.18,104.2,-6.504,20.29,184.7,-6.008,21.18,134.7,-6.008,21.18,77.3,-6.008,21.18,106.1,-6.517,20.27,143.6,-6999,-6999,0,-6999,-6999,0
100,2013,113,1700,14.16,-7.01,19.38,150.5,-8.51,16.68,158.2,-7.01,19.39,101.8,-7.01,19.38,184.5,-7.01,19.38,134.7,-7.01,19.38,220,-7.01,19.39,105.3,-8.51,16.68,143.4,-6999,-6999,0,-6999,-6999,0
100,2013,113,1800,14.17,-8.51,16.68,149.7,-9.51,14.88,158.6,-8.01,17.58,103.7,-8.51,16.68,184.8,-8.51,16.68,134.8,-8.51,16.68,220,-8.01,17.58,105.4,-9.51,14.88,143.4,-6999,-6999,0,-6999,-6999,0
100,2013,113,1900,14.2,-9.5,14.89,213.4,-11,12.19,157.4,-9,15.79,103.8,-9.5,14.89,184.8,-9.5,14.89,133.8,-9.5,14.89,220,-9,15.79,105.5,-11,12.19,143.1,-6999,-6999,0,-6999,-6999,0
100,2013,113,2000,14.22,-10.01,13.98,213.4,-11.51,11.29,157,-9.51,14.88,103.7,-10.01,13.98,184.9,-10.01,13.98,134.9,-10.01,13.98,220,-9.51,14.88,105.7,-11.51,11.29,142,-6999,-6999,0,-6999,-6999,0
100,2013,113,2100,14.24,-11,12.2,213.1,-12.5,9.5,157.5,-11,12.2,103.5,-11,12.2,184.9,-11,12.2,134.9,-11,12.2,220,-11,12.2,105.4,-12.5,9.5,141.7,-6999,-6999,0,-6999,-6999,0
100,2013,113,2200,14.27,-11,12.2,148.6,-12.5,9.5,157,-11,12.21,103.2,-11,12.2,184.9,-11,12.2,134.9,-11,12.2,82.7,-11,12.21,105.4,-12.5,9.5,141.1,-6999,-6999,0,-6999,-6999,0
100,2013,113,2300,14.28,-11,12.2,213.4,-12.5,9.5,157.2,-10.5,13.09,102.3,-11,12.2,184.9,-11,12.2,134.9,-11,12.2,220,-10.5,13.1,105.6,-12.5,9.5,140.3,-6999,-6999,0,-6999,-6999,0
100,2013,113,2400,14.29,-11,12.2,213.4,-12.5,9.5,155.4,-11,12.21,102.8,-11,12.2,184.7,-11,12.2,134.9,-11,12.2,220,-10.5,13.1,104.9,-12.5,9.5,140,-6999,-6999,0,-6999,-6999,0
100,2013,114,100,14.3,-11,12.2,213.4,-12.5,9.5,155.6,-10.5,13.09,102.7,-11,12.2,184.9,-11,12.2,134.9,-11,12.2,220,-10.5,13.1,104.7,-12.5,9.5,141.1,-6999,-6999,0,-6999,-6999,0
100,2013,114,200,14.3,-11,12.2,213.4,-12.5,9.5,155.3,-11,12.2,102.3,-11,12.2,184.9,-11,12.19,134.9,-11,12.2,220,-10.5,13.1,104.6,-12.5,9.5,141.1,-6999,-6999,0,-6999,-6999,0
100,2013,114,300,14.3,-11,12.19,213.4,-12.5,9.49,154.8,-11,12.19,102.8,-11,12.19,184.9,-11.5,11.3,134.9,-11,12.19,220,-10.5,13.09,104.6,-12.5,9.5,139.6,-6999,-6999,0,-6999,-6999,0
100,2013,114,400,14.3,-11.5,11.31,213.4,-13,8.61,154.8,-11.5,11.31,102.7,-11.5,11.31,184.9,-11.5,11.31,134.9,-11.5,11.31,220,-11,12.21,104.4,-12.5,9.51,139.5,-6999,-6999,0,-6999,-6999,0
100,2013,114,500,14.31,-11,12.21,213.4,-12.5,9.51,154.7,-11,12.21,102.7,-11,12.21,184.7,-11,12.21,134.8,-11,12.21,220,-10.5,13.11,104.2,-12,10.41,139.5,-6999,-6999,0,-6999,-6999,0
100,2013,114,600,14.3,-10.49,13.11,212.3,-11.99,10.42,154.7,-10.49,13.11,102.5,-10.49,13.11,184.5,-10.49,13.11,134.8,-10.49,13.11,220,-9.99,14.02,104.1,-11.49,11.32,139.7,-6999,-6999,0,-6999,-6999,0
100,2013,114,700,14.26,-9.47,14.95,145.5,-10.97,12.24,154.4,-9.47,14.95,102.3,-9.48,14.94,184.4,-9.47,14.95,134.6,-9.47,14.95,81.6,-8.98,15.84,104,-10.48,13.14,139.3,-6999,-6999,0,-6999,-6999,0
100,2013,114,800,14.23,-6.496,20.31,145.5,-8,17.61,154.2,-6.492,20.32,101.8,-6.996,19.41,184.7,-6.496,20.31,134.2,-6.5,20.3,81.4,-6.5,20.3,103.8,-8,17.61,138.9,-6999,-6999,0,-6999,-6999,0
100,2013,114,900,14.2,-5.983,21.23,145.1,-7.46,18.57,153.5,-5.483,22.13,101.7,-6.487,20.32,184.3,-5.979,21.24,134,-6.492,20.32,75.2,-6.487,20.32,103.6,-7.48,18.53,138.9,-6999,-6999,0,-6999,-6999,0
100,2013,114,1000,14.16,-4,24.8,145.1,-3,26.6,152.7,-3.496,25.71,101,-4.987,23.02,184.1,-3.487,25.72,133.9,-5.475,22.15,81.7,-4.992,23.01,103.7,-5.475,22.15,138.4,-6999,-6999,0,-6999,-6999,0
100,2013,114,1100,14.02,-3.983,24.83,144.8,-2.992,26.62,152.8,-2.987,26.62,99.9,-3.483,25.73,184.7,-2.004,28.39,134.4,-2.496,27.51,86,-3.975,24.85,103.3,-2.483,27.53,136.9,-6999,-6999,0,-6999,-6999,0
100,2013,114,1200,13.98,-1.975,28.44,143.3,-1.996,28.41,152.5,-1.483,29.33,99.6,-1.483,29.33,185.2,-2.458,27.57,134.2,-1.996,28.41,84.9,-.992,30.21,101.8,-.492,31.12,135,-6999,-6999,0,-6999,-6999,0
100,2013,114,1300,13.98,.987,33.78,143.5,-1.5,29.3,151.9,.492,32.88,99.7,.492,32.88,184.6,2.479,36.46,133.8,-1.496,29.31,84.8,-.004,31.99,101.6,.487,32.88,134,-6999,-6999,0,-6999,-6999,0
100,2013,114,1400,13.98,-.5,31.1,143.5,-1.504,29.29,151.8,-.5,31.1,100.3,-.492,31.12,184.9,-.004,31.99,133.9,-.996,30.21,85.5,-.504,31.09,101.3,-1.008,30.18,133.8,-6999,-6999,0,-6999,-6999,0
100,2013,114,1500,13.98,-.504,31.09,143.1,-2,28.4,151.5,-.504,31.09,100.6,.483,32.87,184,-.504,31.09,133.4,-.5,31.1,85.5,-.996,30.21,100.9,-2.004,28.39,133.9,-6999,-6999,0,-6999,-6999,0
100,2013,114,1600,13.98,-1.004,30.19,142.7,-2.008,28.38,151.3,-1.004,30.19,100.4,-1.504,29.29,184,-1.008,30.18,133.4,-.508,31.09,84.9,-.508,31.09,100.7,-2.504,27.49,133.5,-6999,-6999,0,-6999,-6999,0
100,2013,114,1700,14,-1.508,29.29,142.5,-3.008,26.59,151,-1.508,29.29,99.9,-2.008,28.38,184.1,-2.008,28.38,133.2,-1.508,29.29,84.2,-1.508,29.29,100.5,-3.008,26.59,133.4,-6999,-6999,0,-6999,-6999,0
100,2013,114,1800,14.02,-2.508,27.48,142.2,-4.008,24.79,150.7,-2.508,27.48,100,-3.004,26.59,184.1,-3.004,26.59,132.2,-2.508,27.48,84.6,-2.508,27.48,100.4,-4.008,24.79,133.5,-6999,-6999,0,-6999,-6999,0
100,2013,114,1900,14.05,-3.508,25.68,141.9,-5.012,22.98,150.5,-3.508,25.68,99.9,-3.508,25.68,184.3,-3.512,25.68,132.3,-3.512,25.68,84.5,-3.508,25.68,100.1,-5.008,22.98,132.7,-6999,-6999,0,-6999,-6999,0
100,2013,114,2000,14.08,-4.508,23.88,141.7,-6.504,20.29,150.2,-4.508,23.88,99.9,-4.508,23.88,184.4,-5.008,22.98,131.9,-5.004,22.99,84.1,-4.504,23.89,100.3,-6.008,21.18,132.6,-6999,-6999,0,-6999,-6999,0
100,2013,114,2100,14.11,-5.508,22.09,141.4,-7.01,19.38,149.9,-5.512,22.08,99.7,-5.512,22.08,184.3,-6.012,21.18,131.9,-5.512,22.08,84,-5.017,22.97,100.1,-7.02,19.37,132.7,-6999,-6999,0,-6999,-6999,0
100,2013,114,2200,14.14,-6.508,20.29,141,-8.51,16.68,149.7,-7,19.39,99.6,-7.01,19.39,184.2,-7.5,18.49,131.4,-7.01,19.39,83.9,-7,19.39,100,-9,15.79,132.3,-6999,-6999,0,-6999,-6999,0
100,2013,114,2300,14.17,-7.5,18.51,140.9,-9.49,14.92,149.4,-7.49,18.51,99.5,-7.99,17.61,183.8,-8,17.61,131.4,-7.99,17.62,83.4,-7.5,18.5,99.8,-9.5,14.9,132.3,-6999,-6999,0,-6999,-6999,0
100,2013,114,2400,14.19,-6.996,19.41,140.5,-8.5,16.7,149.2,-6.5,20.3,99.3,-6.996,19.41,183.7,-7.5,18.51,131.4,-6.5,20.3,83.4,-7.5,18.51,99.8,-9.49,14.92,132.6,-6999,-6999,0,-6999,-6999,0
100,2013,115,100,14.19,-6.496,20.31,140.4,-8.5,16.71,149.2,-6.496,20.31,99.2,-6.5,20.3,184.3,-7,19.4,130.9,-6.496,20.31,81.8,-7,19.4,99.8,-8.5,16.71,132.5,-6999,-6999,0,-6999,-6999,0
100,2013,115,200,14.18,-6.008,21.18,140.1,-8,17.59,148.8,-6.004,21.19,99.2,-6.504,20.29,184.3,-7,19.39,130.9,-6.008,21.18,82.1,-7,19.4,99.6,-8.01,17.58,132.2,-6999,-6999,0,-6999,-6999,0
100,2013,115,300,14.2,-6.996,19.41,140,-8.5,16.71,148.7,-6.5,20.3,99.2,-6.996,19.41,184.4,-7.49,18.51,130.9,-6.996,19.41,78.5,-7,19.4,99.3,-9,15.81,132.1,-6999,-6999,0,-6999,-6999,0
100,2013,115,400,14.19,-6.512,20.28,140,-8.02,17.57,148.5,-6.512,20.28,99,-6.517,20.27,184.4,-6.517,20.27,130.6,-6.512,20.28,78.9,-7.01,19.39,99.2,-8.51,16.68,132.4,-6999,-6999,0,-6999,-6999,0
100,2013,115,500,14.21,-8.01,17.58,139.6,-10,13.99,148.3,-8.01,17.58,98.9,-8.5,16.69,184.5,-8.5,16.69,130.2,-8.01,17.58,77.6,-8.01,17.58,99.2,-10,13.99,131,-6999,-6999,0,-6999,-6999,0
100,2013,115,600,14.22,-9.01,15.79,139.8,-10.51,13.08,148.1,-9.01,15.79,98.8,-9.01,15.79,184.8,-9.01,15.79,130.7,-9.01,15.79,77.3,-9,15.79,99.1,-10.51,13.08,131.1,-6999,-6999,0,-6999,-6999,0
100,2013,115,700,14.22,-9.93,14.12,139.6,-11.44,11.41,148.5,-9.94,14.11,98.8,-9.93,14.12,184,-9.94,14.1,130.7,-9.93,14.12,78.6,-9.45,15,99.2,-11.44,11.41,131.9,-6999,-6999,0,-6999,-6999,0
100,2013,115,800,14.14,-1.975,28.44,139.4,-3.971,24.85,147.8,-2.458,27.57,98.6,-1.975,28.44,184.5,-2.971,26.65,133,-1.975,28.44,77.5,-2.971,26.65,98.8,-4.471,23.95,131.4,-6999,-6999,0,-6999,-6999,0
100,2013,115,900,14.07,1.029,33.85,138.4,-.454,31.18,147.1,2.521,36.54,97.9,1.017,33.83,185,.537,32.97,128.9,1.012,33.82,77.8,.521,32.94,98.6,-.975,30.24,130.9,-6999,-6999,0,-6999,-6999,0
100,2013,115,1000,14,4.5,40.1,138.4,5.004,41.01,146.4,5.004,41.01,97.9,3.008,37.41,184.9,5.004,41.01,128.9,2.525,36.54,82.7,3.008,37.41,98.5,2.033,35.66,130.3,-6999,-6999,0,-6999,-6999,0
100,2013,115,1100,13.88,4.517,40.13,138.1,5.504,41.91,146.3,5.517,41.93,96.9,4.025,39.24,184.7,5.504,41.91,128.4,5.512,41.92,79.7,4.033,39.26,98.1,6.021,42.84,129.5,-6999,-6999,0,-6999,-6999,0
100,2013,115,1200,13.86,6.517,43.73,135.8,6,42.8,145.3,7.5,45.5,96.2,7.01,44.62,185,6.033,42.86,126.6,7,44.6,80.3,8,46.39,96.7,8.49,47.28,127.7,-6999,-6999,0,-6999,-6999,0
100,2013,115,1300,13.86,8.5,47.29,135.9,6.004,42.81,145,7.5,45.51,96,8,46.4,184.6,9.98,49.97,125.4,7.01,44.62,80.4,7.5,45.5,96.7,7.5,45.49,127.8,-6999,-6999,0,-6999,-6999,0
100,2013,115,1400,13.86,8,46.4,135.4,6.496,43.69,144.8,8,46.39,95.7,8,46.4,184.6,8,46.39,124.9,8,46.4,79,7.5,45.49,95.7,6.996,44.59,127.5,-6999,-6999,0,-6999,-6999,0
100,2013,115,1500,13.83,8,46.39,135.2,6,42.8,144.4,7.5,45.5,94.7,7.99,46.38,184.7,7.5,45.49,124.4,8,46.39,78.5,7,44.61,95.8,6.496,43.69,127.6,-6999,-6999,0,-6999,-6999,0
100,2013,115,1600,13.84,7.49,45.48,135,5.987,42.78,143.9,7.49,45.48,93.8,6.992,44.59,184.8,6.987,44.58,124,7.49,45.48,79,7.49,45.48,95.9,5.987,42.78,126.6,-6999,-6999,0,-6999,-6999,0
100,2013,115,1700,13.85,5.987,42.78,134.8,4.487,40.08,143.7,5.987,42.78,95.3,5.987,42.78,184.6,5.487,41.88,124.1,5.987,42.78,79,5.983,42.77,95.3,4.487,40.08,126.2,-6999,-6999,0,-6999,-6999,0
100,2013,115,1800,13.87,4.475,40.06,134.5,2.975,37.35,143.4,4.475,40.06,95,4.475,40.06,184.1,3.975,39.15,133.8,4.475,40.06,78.1,3.979,39.16,95.1,2.975,37.35,126.7,-6999,-6999,0,-6999,-6999,0
100,2013,115,1900,13.9,1.475,34.65,134.6,-.021,31.96,143.2,1.479,34.66,95,1.479,34.66,183.6,.983,33.77,133.9,1.475,34.65,78.3,1.479,34.66,95,-.021,31.96,125.8,-6999,-6999,0,-6999,-6999,0
100,2013,115,2000,13.93,-1.508,29.29,134.2,-2.512,27.48,143.1,-1.012,30.18,95,-1.012,30.18,183.1,-1.012,30.18,123.2,-1.508,29.29,77.8,-1.008,30.18,94.9,-2.508,27.48,125.7,-6999,-6999,0,-6999,-6999,0
100,2013,115,2100,13.97,-2.504,27.49,134.3,-4,24.8,143,-2.5,27.5,94.8,-2.504,27.49,182.4,-2.504,27.49,123.6,-2.504,27.49,77.8,-2.008,28.38,94.9,-3.508,25.68,125.6,-6999,-6999,0,-6999,-6999,0
100,2013,115,2200,14,-3.004,26.59,133.8,-4.008,24.79,142.8,-2.508,27.48,94.9,-3.004,26.59,181.8,-3.004,26.59,123.3,-3.004,26.59,77.7,-3.004,26.59,94.6,-4.504,23.89,125.7,-6999,-6999,0,-6999,-6999,0
100,2013,115,2300,14.02,-3.504,25.69,133.6,-5.004,22.99,142.5,-3.504,25.69,94.8,-3.504,25.69,183.6,-3.508,25.68,123.7,-3.508,25.68,78,-3.504,25.69,94.6,-5.008,22.98,125.5,-6999,-6999,0,-6999,-6999,0
100,2013,115,2400,14.04,-4.004,24.79,133.7,-5.504,22.09,142.5,-4.004,24.79,94.7,-4.004,24.79,183.3,-4.504,23.89,123.4,-4.504,23.89,78,-4.004,24.79,94.5,-6.004,21.19,125.5,-6999,-6999,0,-6999,-6999,0
100,2013,116,100,14.06,-4.504,23.89,133.8,-6.004,21.19,142.2,-4.504,23.89,94.5,-4.504,23.89,183.3,-5,23,123.7,-5,23,77.4,-4.504,23.89,94.4,-6.5,20.3,125.5,-6999,-6999,0,-6999,-6999,0
100,2013,116,200,14.07,-5,23,133.8,-6.5,20.3,142.2,-5,23,94.5,-5,23,182,-5,23,123.7,-5,23,77.6,-5,23,94.4,-6.5,20.3,124.3,-6999,-6999,0,-6999,-6999,0
100,2013,116,300,14.08,-5,23,133.8,-6.5,20.3,142,-5,23,94.5,-5,23,182,-5.004,22.99,122.5,-5.004,22.99,77.7,-5,23,94.2,-6.504,20.29,124.4,-6999,-6999,0,-6999,-6999,0
100,2013,116,400,14.1,-5,23,133.8,-6.5,20.3,141.9,-5,23,94.5,-5,23,182,-5.5,22.1,122.9,-5.496,22.11,77.4,-5,23,94.2,-7,19.4,124.4,-6999,-6999,0,-6999,-6999,0
100,2013,116,500,14.1,-5.004,22.99,133.4,-6.504,20.29,141.8,-5.004,22.99,94.3,-5.008,22.98,182.7,-5.504,22.09,123.8,-5.008,22.98,77.7,-5.004,22.99,94.2,-7,19.4,124.2,-6999,-6999,0,-6999,-6999,0
100,2013,116,600,14.11,-5.5,22.1,132.6,-7,19.4,141.6,-5.5,22.1,94.3,-5.996,21.21,108.9,-6,21.2,122.5,-5.996,21.21,77.6,-5.5,22.1,94,-7,19.4,124.2,-6999,-6999,0,-6999,-6999,0
100,2013,116,700,14.12,-5.462,22.17,133,-6.975,19.45,141.6,-5.475,22.15,94.3,-5.471,22.15,109,-5.971,21.25,122.7,-5.454,22.18,77.4,-5.475,22.15,93.8,-6.975,19.45,123.8,-6999,-6999,0,-6999,-6999,0
100,2013,116,800,14.05,-.967,30.26,132.7,-3.954,24.88,141.4,-2.438,27.61,93.7,-1.958,28.47,183.7,-2.458,27.57,122.4,.029,32.05,77,-2.454,27.58,93.7,-3.954,24.88,124.2,-6999,-6999,0,-6999,-6999,0
100,2013,116,900,13.98,3.029,37.45,132.5,1.558,34.8,140.4,5.025,41.04,93.4,3.021,37.44,184.1,2.55,36.59,121,3.512,38.32,77.6,3.017,37.43,93.7,1.529,34.75,123.6,-6999,-6999,0,-6999,-6999,0
100,2013,116,1000,13.93,6.504,43.71,132.4,8.5,47.31,139.2,8,46.41,93,5.508,41.91,183,8.51,47.31,121.4,5.037,41.07,77.4,5.008,41.01,93.7,5.029,41.05,122.9,-6999,-6999,0,-6999,-6999,0
100,2013,116,1100,13.82,7,44.6,131.9,8.98,48.17,138.9,8.5,47.3,93,6.508,43.72,183.5,9.48,49.06,121.1,9.48,49.07,75.5,6.021,42.84,93.2,8.51,47.32,122.7,-6999,-6999,0,-6999,-6999,0
100,2013,116,1200,13.8,7.02,44.64,129.5,7,44.6,137.2,8.5,47.3,92.4,7.51,45.51,184.1,7.04,44.67,119.9,7.5,45.51,74.7,8.5,47.31,91.7,10,50.01,120.5,-6999,-6999,0,-6999,-6999,0
100,2013,116,1300,13.8,9.49,49.08,129.4,6.996,44.59,138.5,8.49,47.28,92,8.49,47.28,184,11.47,52.65,118.1,8,46.39,76.1,8.98,48.17,91.9,10.47,50.85,120,-6999,-6999,0,-6999,-6999,0
100,2013,116,1400,13.83,7.99,46.38,129.7,6.487,43.68,137.5,7.49,45.49,91.6,7.49,45.49,184.7,7.98,46.37,117.9,7.49,45.49,73.2,6.992,44.59,91.9,6.987,44.58,120.3,-6999,-6999,0,-6999,-6999,0
100,2013,116,1500,13.84,6.496,43.69,129.8,4.996,40.99,137.5,6.496,43.69,90.9,6.492,43.69,184.8,5.996,42.79,118.3,6.496,43.69,73.9,5.996,42.79,91.4,5.496,41.89,120.4,-6999,-6999,0,-6999,-6999,0
100,2013,116,1600,13.85,5.992,42.78,129.4,4.492,40.09,137,5.992,42.78,90.8,5.496,41.89,184.8,5.496,41.89,118,5.992,42.78,73,5.492,41.88,91.6,4.992,40.99,120.6,-6999,-6999,0,-6999,-6999,0
100,2013,116,1700,13.86,4.992,40.99,129.7,3.496,38.29,136.9,4.992,40.99,91.1,4.992,40.99,184.6,4.992,40.99,117.6,4.992,40.99,75,4.492,40.09,91.4,3.992,39.18,120.1,-6999,-6999,0,-6999,-6999,0
100,2013,116,1800,13.88,3.992,39.18,129.8,2.992,37.38,136.7,3.996,39.19,91.3,3.992,39.18,184.3,3.992,39.18,117.1,3.992,39.18,73.6,3.496,38.29,91.1,2.992,37.38,120.3,-6999,-6999,0,-6999,-6999,0
100,2013,116,1900,13.9,2.975,37.35,129.6,1.975,35.56,136.6,3.475,38.26,91.3,2.979,37.36,184.2,2.979,37.36,133.8,2.975,37.35,72.8,2.975,37.35,90.9,1.975,35.56,119.6,-6999,-6999,0,-6999,-6999,0
100,2013,116,2000,13.92,-.017,31.97,129.5,-1.021,30.16,136.4,.479,32.86,90.7,.479,32.86,184,.479,32.86,116.6,-.017,31.97,72.6,-.017,31.97,90.8,-1.021,30.16,120.1,-6999,-6999,0,-6999,-6999,0
100,2013,116,2100,13.96,-2.004,28.39,129.1,-3.504,25.69,135.8,-2.004,28.39,90.5,-2.004,28.39,184.4,-2.004,28.39,133.4,-2.004,28.39,72.2,-2.004,28.39,90.2,-3.504,25.69,120.2,-6999,-6999,0,-6999,-6999,0
100,2013,116,2200,14,-2.5,27.5,129.1,-4,24.8,135.7,-2.5,27.5,90.7,-2.5,27.5,184.1,-2.504,27.49,123.3,-2.504,27.49,72.4,-2.5,27.5,90,-4,24.8,119.9,-6999,-6999,0,-6999,-6999,0
100,2013,116,2300,14.02,-2.504,27.49,129.2,-4.004,24.79,135.1,-2.504,27.49,90.5,-2.508,27.48,184.1,-3.004,26.59,124.6,-3.004,26.59,72.2,-2.504,27.49,90,-4.004,24.79,120,-6999,-6999,0,-6999,-6999,0
100,2013,116,2400,14.04,-3.008,26.59,129,-4.508,23.88,135.2,-3.008,26.59,90.5,-3.504,25.69,184.4,-3.504,25.69,123.7,-3.504,25.69,72.1,-3.008,26.59,90,-4.508,23.88,120.2,-6999,-6999,0,-6999,-6999,0
100,2013,117,100,14.07,-4.008,24.79,128.9,-5.508,22.09,135,-4.004,24.79,90.1,-4.008,24.79,184.4,-4.008,24.79,123.7,-4.008,24.79,72.2,-4.004,24.79,89.9,-5.508,22.09,119.8,-6999,-6999,0,-6999,-6999,0
100,2013,117,200,14.1,-4.996,23.01,128.8,-6.496,20.31,134.7,-4.5,23.9,90.1,-5,23,184.4,-5,23,123.4,-5,23,72.2,-4.5,23.9,89.9,-6.496,20.31,119.7,-6999,-6999,0,-6999,-6999,0
100,2013,117,300,14.11,-4.492,23.91,128.8,-5.996,21.21,134.8,-4.496,23.91,90,-4.992,23.01,184.4,-4.996,23.01,123.4,-4.992,23.01,72.2,-4.496,23.91,89.8,-5.996,21.21,119.7,-6999,-6999,0,-6999,-6999,0
100,2013,117,400,14.11,-3.504,25.69,128.7,-5.5,22.1,134.7,-3.996,24.81,89.8,-4,24.8,184.4,-4.5,23.9,123.7,-4,24.8,72.2,-4,24.8,89.7,-5.504,22.09,119.7,-6999,-6999,0,-6999,-6999,0
100,2013,117,500,14.11,-4,24.8,128.7,-5.504,22.09,134.9,-3.504,25.69,90.3,-4,24.8,184.2,-4.5,23.9,116.4,-4,24.8,72.9,-4.004,24.79,89.8,-6,21.2,119.7,-6999,-6999,0,-6999,-6999,0
100,2013,117,600,14.08,-3.962,24.87,128.5,-5.958,21.27,135.4,-3.962,24.87,90.3,-3.962,24.87,183.5,-4.462,23.97,133.8,-3.962,24.87,72.6,-4.454,23.98,89.4,-5.954,21.28,119.2,-6999,-6999,0,-6999,-6999,0
100,2013,117,700,14.02,.525,32.94,128.4,-.979,30.24,135.4,.521,32.94,89.8,.521,32.94,183.7,.021,32.04,122.9,.525,32.94,73.5,1.017,33.83,89.2,-.483,31.13,119.2,-6999,-6999,0,-6999,-6999,0
100,2013,117,800,13.96,3.512,38.32,128.1,1.517,34.73,135.2,3.037,37.47,89,3.017,37.43,184.8,2.517,36.53,115.7,3.512,38.32,74.3,3.017,37.43,89.9,1.517,34.73,119.1,-6999,-6999,0,-6999,-6999,0
100,2013,117,900,13.92,5.017,41.03,128.2,3.533,38.36,134.6,7.5,45.51,89.2,5.012,41.02,184.7,4.533,40.16,114.9,5.008,41.01,73.7,5.008,41.01,89.9,3.521,38.34,119.6,-6999,-6999,0,-6999,-6999,0
100,2013,117,1000,13.89,7,44.61,128.1,7.51,45.51,134.1,8,46.41,89.2,6.508,43.72,184.4,8.5,47.31,115.4,6.029,42.85,70.4,6.008,42.81,90,6.025,42.84,119,-6999,-6999,0,-6999,-6999,0
100,2013,117,1100,13.79,7.51,45.52,126.8,8.5,47.3,133.5,8.51,47.32,89.4,7.51,45.52,184.1,9,48.19,114.9,9.5,49.1,73.4,7.03,44.65,89.3,9.02,48.25,116.5,-6999,-6999,0,-6999,-6999,0
100,2013,117,1200,13.77,9.02,48.24,125.5,8.5,47.3,133.5,10,50.01,87.8,9.02,48.23,184.2,8.53,47.36,114,9.5,49.11,70.4,10.5,50.9,88.4,11.99,53.59,114.6,-6999,-6999,0,-6999,-6999,0
100,2013,117,1300,13.78,11.49,52.68,125.7,8.5,47.29,131.8,10.5,50.89,88.5,10.99,51.78,183.8,12.48,54.46,112.4,10,49.99,69.6,10.49,50.88,88,10.98,51.76,113.3,-6999,-6999,0,-6999,-6999,0
100,2013,117,1400,13.81,10,49.99,125.8,8,46.4,132.3,9.99,49.99,87.6,9.5,49.1,183,9.99,49.99,112,9.5,49.1,69.3,9,48.2,87,8.5,47.29,113.4,-6999,-6999,0,-6999,-6999,0
100,2013,117,1500,13.79,9.5,49.09,125.8,8,46.39,132.2,9,48.19,88.2,9.49,49.09,184.1,9,48.19,111.6,9.5,49.09,67.4,9,48.2,86.5,8,46.39,113.1,-6999,-6999,0,-6999,-6999,0
100,2013,117,1600,13.79,9,48.19,125.6,7.49,45.49,131.6,8.5,47.29,87,8.5,47.29,184.3,8.49,47.28,111.2,9,48.19,69.8,9,48.19,86.5,7.5,45.49,113.6,-6999,-6999,0,-6999,-6999,0
100,2013,117,1700,13.82,8.48,47.27,125.5,6.487,43.68,131.4,7.99,46.38,87.2,7.99,46.38,184.1,7.49,45.48,111.4,8.49,47.28,67.8,8.48,47.26,86.7,6.979,44.56,112.6,-6999,-6999,0,-6999,-6999,0
100,2013,117,1800,13.84,6.487,43.68,125.3,4.987,40.98,131,6.487,43.68,86.8,6.487,43.68,184.2,5.987,42.78,111.1,6.987,44.58,68.6,5.992,42.78,86.7,4.496,40.09,112.7,-6999,-6999,0,-6999,-6999,0
100,2013,117,1900,13.86,4.987,40.98,124.7,3.487,38.28,131.1,4.987,40.98,86.8,4.987,40.98,184.3,4.487,40.08,111.2,5.487,41.88,67.7,4.987,40.98,86.7,3.983,39.17,113.1,-6999,-6999,0,-6999,-6999,0
100,2013,117,2000,13.88,3.504,38.31,125.1,2,35.6,131.1,3.5,38.3,87.5,3.504,38.31,184,3.004,37.41,111.2,4,39.2,67.5,3.5,38.3,86.7,2.004,35.61,113,-6999,-6999,0,-6999,-6999,0
100,2013,117,2100,13.89,3.996,39.19,124.3,2,35.6,130.8,3.5,38.3,87,3.996,39.19,184,3.496,38.29,110.7,3.996,39.19,69.5,3.5,38.3,86.3,2.496,36.49,113.1,-6999,-6999,0,-6999,-6999,0
100,2013,117,2200,13.9,3.492,38.29,124,1.992,35.59,130.7,3.492,38.29,87.3,3.492,38.29,184.1,2.996,37.39,110.7,3.496,38.29,69.4,3.496,38.29,86.5,1.996,35.59,113.2,-6999,-6999,0,-6999,-6999,0
100,2013,117,2300,13.9,2.508,36.51,124.3,1.008,33.82,130.8,2.508,36.51,87.2,2.504,36.51,183.7,2.5,36.5,110.7,3.004,37.41,67.8,2.996,37.39,86.3,1.5,34.7,113.2,-6999,-6999,0,-6999,-6999,0
100,2013,117,2400,13.9,3.504,38.31,124.6,2.004,35.61,130.8,3.504,38.31,87.5,3.008,37.41,183.6,2.512,36.52,110.6,3.504,38.31,69,2.512,36.52,86.1,1.508,34.71,113,-6999,-6999,0,-6999,-6999,0
100,2013,118,100,13.9,4,39.2,124.6,2.5,36.5,130.5,4,39.2,87.2,4,39.2,184,3.996,39.19,110.7,4,39.2,68,4,39.2,86.1,2.5,36.5,113,-6999,-6999,0,-6999,-6999,0
100,2013,118,200,13.89,3.996,39.19,124.7,2.5,36.5,130.5,3.996,39.19,87.2,3.996,39.19,184,3.5,38.3,110.7,3.996,39.19,68.5,3.996,39.19,86,2.496,36.49,112.2,-6999,-6999,0,-6999,-6999,0
100,2013,118,300,13.89,3.496,38.29,124.8,2.492,36.49,130.2,3.496,38.29,86.8,3.496,38.29,183.7,3.496,38.29,132.9,3.496,38.29,66.6,3.496,38.29,86.1,1.996,35.59,112.3,-6999,-6999,0,-6999,-6999,0
100,2013,118,400,13.9,3,37.4,124.8,1.5,34.7,130.2,3,37.4,86.9,3,37.4,183,3,37.4,110.3,3,37.4,65.8,3,37.4,85.9,1.504,34.71,111.9,-6999,-6999,0,-6999,-6999,0
100,2013,118,500,13.9,3.004,37.41,124.7,1.504,34.71,130.3,3,37.4,86.6,3.004,37.41,182.8,3,37.4,110.3,3.004,37.41,65.5,3,37.4,85.6,2,35.6,111.9,-6999,-6999,0,-6999,-6999,0
100,2013,118,600,13.9,3.5,38.3,124.3,1.996,35.59,130.2,3.004,37.41,86.7,3.496,38.29,183.7,3,37.4,110.3,3.5,38.3,65.9,3.004,37.41,85.5,2,35.6,112.2,-6999,-6999,0,-6999,-6999,0
100,2013,118,700,13.89,3.517,38.33,124.3,1.517,34.73,130.1,3.512,38.32,86.5,3.017,37.43,184.2,3.012,37.42,110.2,3.512,38.32,65.4,3.508,38.32,85.9,2.012,35.62,112.8,-6999,-6999,0,-6999,-6999,0
100,2013,118,800,13.86,5.508,41.91,124.1,3.517,38.33,129.9,5.025,41.04,86.4,5.012,41.02,184.1,4.517,40.13,110,5.012,41.02,65.3,4.521,40.14,85.3,3.517,38.33,112.4,-6999,-6999,0,-6999,-6999,0
100,2013,118,900,13.83,6.521,43.74,123.1,5.542,41.97,129.1,8.01,46.42,86.2,6.517,43.73,184.6,6.529,43.75,109.2,6.512,43.72,65.5,7.01,44.62,84.6,5.529,41.95,110.5,-6999,-6999,0,-6999,-6999,0
100,2013,118,1000,13.81,9.01,48.22,122.8,10.51,50.91,128.2,9.52,49.14,85.6,8.52,47.33,184.1,10.02,50.03,109,8.04,46.47,65.5,8.02,46.43,84.3,9.02,48.25,111.1,-6999,-6999,0,-6999,-6999,0
100,2013,118,1100,13.69,10.48,50.87,122.4,11.47,52.64,127.8,11.97,53.55,84.5,10.48,50.87,184.3,11.96,53.53,107.4,12.47,54.44,66.1,9.98,49.97,84.5,11.97,53.54,110.1,-6999,-6999,0,-6999,-6999,0
100,2013,118,1200,13.71,8.5,47.31,122.6,7.5,45.5,126.8,8.5,47.3,84.7,8.5,47.3,184.6,7.51,45.51,107.8,8.5,47.31,66,8,46.4,84.5,8,46.4,110.1,-6999,-6999,0,-6999,-6999,0
100,2013,118,1300,13.74,9,48.21,122.1,7.5,45.51,126,8.5,47.31,84.7,8.5,47.3,184.6,8.5,47.3,106.8,9,48.2,64.9,8,46.41,83.7,8,46.41,108.7,-6999,-6999,0,-6999,-6999,0
100,2013,118,1400,13.71,9.52,49.15,120.5,8.02,46.44,126.2,9.03,48.25,84.7,8.54,47.37,184.4,8.53,47.35,106.1,9.03,48.26,64.5,8.53,47.35,84,8.53,47.35,108,-6999,-6999,0,-6999,-6999,0
100,2013,118,1500,13.66,12.49,54.49,119.7,10.99,51.78,125.9,12.49,54.48,83.7,12.98,55.37,184.4,11.99,53.58,105.3,12.99,55.38,64.3,11.99,53.59,82.2,11.98,53.57,108.2,-6999,-6999,0,-6999,-6999,0
100,2013,118,1600,13.65,11.49,52.69,120.4,9.99,49.98,124.8,10.99,51.78,84.1,10.99,51.78,184.2,10.49,50.88,104.9,11.49,52.68,64.2,10.99,51.78,82.9,9.99,49.98,107.6,-6999,-6999,0,-6999,-6999,0
100,2013,118,1700,13.67,10.49,50.88,118.8,8.49,47.28,123.9,9.99,49.99,83.9,9.99,49.98,184.3,8.99,48.19,104.6,10,49.99,63.9,9.49,49.08,82.3,8.49,47.28,107.7,-6999,-6999,0,-6999,-6999,0
100,2013,118,1800,13.7,8.98,48.17,118.8,6.987,44.58,123.7,8.98,48.17,83.7,8.48,47.27,184.1,7.98,46.37,103.7,9.47,49.06,64,7.98,46.37,82.6,7.48,45.46,107.1,-6999,-6999,0,-6999,-6999,0
100,2013,118,1900,13.73,6.987,44.58,119.7,5.483,41.87,124,6.983,44.57,83.5,6.487,43.68,184.2,5.987,42.78,103.5,6.492,43.69,63.6,5.992,42.78,81.1,4.987,40.98,106.6,-6999,-6999,0,-6999,-6999,0
100,2013,118,2000,13.78,5.492,41.88,119.4,3.496,38.29,124.4,4.996,40.99,83.4,4.996,40.99,184.2,4.496,40.09,103.5,5.492,41.88,62,4.992,40.99,80.4,3.496,38.29,107.2,-6999,-6999,0,-6999,-6999,0
100,2013,118,2100,13.81,4.487,40.08,119.2,2.987,37.38,124,4.487,40.08,83.4,4.487,40.08,184.3,3.987,39.18,103.7,4.487,40.08,62.9,3.992,39.18,80.7,2.987,37.38,107.5,-6999,-6999,0,-6999,-6999,0
100,2013,118,2200,13.84,3,37.4,119.2,1.5,34.7,123.7,3,37.4,83.6,3,37.4,184.3,2.5,36.5,133.2,3,37.4,63.3,2.996,37.39,80.2,1.496,34.69,107.1,-6999,-6999,0,-6999,-6999,0
100,2013,118,2300,13.86,2.996,37.39,119.3,1.496,34.69,122.9,2.996,37.39,83.4,2.996,37.39,184.1,2.5,36.5,133.2,2.996,37.39,63.7,2.5,36.5,79.8,1,33.8,107.1,-6999,-6999,0,-6999,-6999,0
100,2013,118,2400,13.88,2.496,36.49,118.9,.996,33.79,122.2,2.496,36.49,82.9,2.496,36.49,183.8,2.496,36.49,103.7,2.5,36.5,63.4,2.496,36.49,79.6,1,33.8,107.1,-6999,-6999,0,-6999,-6999,0
100,2013,119,100,13.9,1.996,35.59,119,.496,32.89,122.3,1.996,35.59,82.9,1.996,35.59,183.8,1.996,35.59,103.8,2.492,36.49,63.4,1.996,35.59,79.5,.992,33.79,107.3,-6999,-6999,0,-6999,-6999,0
100,2013,119,200,13.92,1.492,34.68,118.9,-.008,31.98,122.2,1.492,34.68,83,1.492,34.68,183.5,1.492,34.68,103.9,1.492,34.68,63.5,1.492,34.68,79.7,-.008,31.98,107.5,-6999,-6999,0,-6999,-6999,0
100,2013,119,300,13.94,.492,32.88,119.1,-1.008,30.18,122.2,.492,32.88,82.8,.492,32.88,183.6,.492,32.88,133.9,.487,32.88,63.3,.492,32.88,79.7,-1.008,30.18,106.6,-6999,-6999,0,-6999,-6999,0
100,2013,119,400,13.96,-.496,31.11,119,-1.992,28.41,122,-.492,31.12,82.8,-.492,31.12,183.5,-.496,31.11,133.3,-.987,30.22,63.4,-.496,31.11,79.6,-1.992,28.41,106.4,-6999,-6999,0,-6999,-6999,0
100,2013,119,500,13.97,.008,32.01,118.8,-.996,30.21,121.9,.504,32.91,82.7,.504,32.91,183.4,.004,32.01,133.8,.504,32.91,62.9,.008,32.01,79.4,-.996,30.21,106.3,-6999,-6999,0,-6999,-6999,0
100,2013,119,600,13.96,1.008,33.82,118.6,-.492,31.12,121.7,1.008,33.82,82.6,1.008,33.82,183.8,.508,32.91,103.8,1.008,33.82,62.7,1.008,33.82,79.6,-.487,31.12,107.1,-6999,-6999,0,-6999,-6999,0
100,2013,119,700,13.92,2.025,35.65,118.2,.521,32.94,121.8,2.021,35.64,82.4,2.017,35.63,184.3,1.521,34.74,103.5,2.021,35.64,62.7,2.017,35.63,79.6,1.017,33.83,107.2,-6999,-6999,0,-6999,-6999,0
100,2013,119,800,13.88,5.008,41.01,118,3.012,37.42,121.9,4.521,40.14,82.4,4.012,39.22,184.1,4.012,39.22,103.4,4.508,40.12,62.8,4.012,39.22,79.2,3.008,37.41,106.5,-6999,-6999,0,-6999,-6999,0
100,2013,119,900,13.84,6.004,42.81,117.9,4.504,40.11,122.3,6.996,44.59,82.6,5.508,41.91,184.4,5.508,41.91,103.3,5.508,41.91,62.5,5.504,41.91,79.1,4.012,39.22,106.2,-6999,-6999,0,-6999,-6999,0
100,2013,119,1000,13.83,6.496,43.69,118,4.996,40.99,122.2,6.496,43.69,82.5,6.496,43.69,184.8,6.492,43.69,103.4,6.496,43.69,63.8,5.996,42.79,79.3,5.496,41.89,106.3,-6999,-6999,0,-6999,-6999,0
100,2013,119,1100,13.79,6.012,42.82,117.7,4.517,40.13,122.3,6.012,42.82,82.2,6.008,42.81,184.7,5.512,41.92,102.2,6.012,42.82,61.1,5.517,41.93,79,5.017,41.03,105.9,-6999,-6999,0,-6999,-6999,0
100,2013,119,1200,13.71,7.55,45.59,116,6.537,43.77,121.5,7.54,45.57,80.9,7.05,44.69,184.4,7.05,44.7,102,7.54,45.57,61.4,7.54,45.57,77,7.05,44.69,104.8,-6999,-6999,0,-6999,-6999,0
100,2013,119,1300,13.69,13.48,56.27,115.4,11,51.79,120.3,12.49,54.49,79.9,12.99,55.38,184.4,13.48,56.26,101,12.49,54.49,61,12.49,54.49,77,12.98,55.37,103.5,-6999,-6999,0,-6999,-6999,0
100,2013,119,1400,13.65,11.51,52.72,112.7,10.5,50.91,120.3,11.51,52.72,80.1,11.51,52.72,184.2,11.01,51.81,100.4,11.51,52.72,61.3,11.5,52.71,76.7,11,51.81,103.4,-6999,-6999,0,-6999,-6999,0
100,2013,119,1500,13.63,13,55.39,112.5,11,51.79,118.4,12.5,54.49,79.2,12.99,55.38,183.9,12,53.59,98.9,12.99,55.38,58.8,12,53.59,76.1,11.5,52.69,103.1,-6999,-6999,0,-6999,-6999,0
100,2013,119,1600,13.62,12.48,54.47,112.9,10.49,50.88,118.3,11.99,53.58,79.1,11.49,52.69,184,11.48,52.67,98.7,11.99,53.58,59.6,11.49,52.68,75.7,10.98,51.77,103.6,-6999,-6999,0,-6999,-6999,0
100,2013,119,1700,13.65,10.5,50.89,111.5,8.99,48.19,118,10.49,50.88,78.3,10.49,50.88,183.8,9.5,49.09,98.8,10.49,50.88,58,10,49.99,76.1,9,48.19,103.7,-6999,-6999,0,-6999,-6999,0
100,2013,119,1800,13.67,9.99,49.98,111,7.99,46.38,117.8,9.49,49.08,78.1,9.49,49.08,183.9,8.98,48.17,98.6,9.49,49.08,61.9,9.49,49.09,75.6,8.49,47.28,103.7,-6999,-6999,0,-6999,-6999,0
100,2013,119,1900,13.7,8.5,47.29,111.5,6.5,43.7,117.8,8,46.4,77.2,8,46.4,183.9,7,44.6,98.6,8,46.4,59,8.49,47.28,75.3,6.992,44.59,102.8,-6999,-6999,0,-6999,-6999,0
100,2013,119,2000,13.73,7.99,46.38,111.4,6.492,43.69,117.5,7.99,46.38,77.2,7.99,46.38,182.5,6.996,44.59,98.1,7.99,46.38,58.9,7.5,45.5,75.1,6,42.8,102.5,-6999,-6999,0,-6999,-6999,0
100,2013,119,2100,13.75,7,44.61,110.7,5.504,41.91,117.5,7,44.61,77.3,7,44.6,86.9,6.504,43.71,97.7,7,44.61,59.3,7.5,45.5,75.5,6,42.8,102.4,-6999,-6999,0,-6999,-6999,0
100,2013,119,2200,13.77,7.5,45.49,110.2,5.996,42.79,117.3,7.5,45.49,77.3,7,44.6,86.9,6.996,44.59,98.1,7.5,45.49,59.6,7.49,45.49,75.5,5.996,42.79,102.5,-6999,-6999,0,-6999,-6999,0
100,2013,119,2300,13.77,7,44.6,109.9,5.5,41.9,117,6.996,44.59,77.7,6.996,44.59,182.6,6.5,43.7,97.7,6.996,44.59,59.6,6.5,43.7,75.5,5.496,41.89,102.6,-6999,-6999,0,-6999,-6999,0
100,2013,119,2400,13.78,6.992,44.59,109.6,5.492,41.88,116.7,6.496,43.69,77.1,6.496,43.69,182.6,6.496,43.69,97.3,6.496,43.69,59.6,6.496,43.69,75.1,4.996,40.99,102.4,-6999,-6999,0,-6999,-6999,0
100,2013,120,100,13.79,6.004,42.81,110,4.504,40.11,116.6,6.004,42.81,77.4,6,42.8,183.1,6,42.8,97.3,6.004,42.81,58,6,42.8,75.1,4.5,40.1,102.4,-6999,-6999,0,-6999,-6999,0
100,2013,120,200,13.8,6.496,43.69,110.1,4.996,40.99,116.9,6.496,43.69,77.8,6,42.8,180.9,5.996,42.79,97.4,6.496,43.69,59.3,5.992,42.78,75,4.496,40.09,102.5,-6999,-6999,0,-6999,-6999,0
100,2013,120,300,13.81,6,42.8,110.1,4.496,40.09,116.6,5.996,42.79,77.3,5.996,42.79,86.3,5.5,41.9,97.4,6,42.8,58.6,5.008,41.01,75.1,4.004,39.21,102.4,-6999,-6999,0,-6999,-6999,0
100,2013,120,400,13.82,6,42.8,110.1,4,39.2,116.5,5.5,41.9,77.4,5.5,41.9,86.5,5.5,41.9,97.7,6,42.8,58.7,5.996,42.79,75,4.496,40.09,102,-6999,-6999,0,-6999,-6999,0
100,2013,120,500,13.82,5.975,42.75,109.8,3.979,39.16,116.2,5.479,41.86,77.1,5.475,41.85,86.6,5.475,41.85,97.7,5.971,42.75,58.7,5.475,41.85,74.6,3.979,39.16,102.5,-6999,-6999,0,-6999,-6999,0
100,2013,120,600,13.85,3,37.4,109.3,1.5,34.7,116.4,3,37.4,77.1,2.5,36.5,86.8,2.5,36.5,97.7,2.504,36.51,58.6,2.5,36.5,74.8,1.5,34.7,102.5,-6999,-6999,0,-6999,-6999,0
100,2013,120,700,13.88,3.033,37.46,109.9,1.521,34.74,116,3.017,37.43,77.3,2.525,36.54,182.5,2.521,36.54,97.4,3.025,37.44,58.7,2.521,36.54,74.5,1.521,34.74,102,-6999,-6999,0,-6999,-6999,0
100,2013,120,800,13.84,7.01,44.62,109.5,4.021,39.24,115.8,5.037,41.07,76.1,5.521,41.94,85.9,5.025,41.04,97.6,6.021,42.84,58,5.025,41.04,74.5,4.025,39.24,101.3,-6999,-6999,0,-6999,-6999,0
100,2013,120,900,13.77,8.52,47.34,109.5,6.542,43.78,115.2,9.52,49.13,74.9,8.02,46.44,183.2,8.03,46.45,97.2,8.52,47.33,56.7,8.02,46.43,73.7,7.03,44.65,101.4,-6999,-6999,0,-6999,-6999,0
100,2013,120,1000,13.75,10.98,51.76,108.5,11.48,52.66,114.9,11.48,52.66,74.6,10.97,51.75,183.1,11.47,52.66,96,10.49,50.88,56.2,9.98,49.97,73.5,10.48,50.87,101,-6999,-6999,0,-6999,-6999,0
100,2013,120,1100,13.65,8.52,47.34,108.3,9.01,48.22,114.6,9.02,48.25,74.4,8.03,46.45,183.2,8.52,47.34,96.2,9.02,48.24,55.6,8.03,46.45,72.7,8.52,47.34,100.4,-6999,-6999,0,-6999,-6999,0
100,2013,120,1200,13.64,11.46,52.63,107.2,10.45,50.82,114.2,11.95,53.51,74.4,11.45,52.62,183.6,10.96,51.72,95.4,11.45,52.62,55.5,11.45,52.61,72.1,11.44,52.6,98.5,-6999,-6999,0,-6999,-6999,0
100,2013,120,1300,13.69,6.479,43.66,107.5,4.979,40.96,114.3,5.983,42.77,74.3,5.983,42.77,183.6,5.979,42.76,95.2,5.979,42.76,55.5,5.483,41.87,72.5,4.483,40.07,98.5,-6999,-6999,0,-6999,-6999,0
100,2013,120,1400,13.77,4.008,39.21,107.2,2.508,36.51,114.1,4.012,39.22,74.3,4.008,39.21,182.7,3.512,38.32,95.1,3.512,38.32,172.5,3.512,38.32,71.7,2.517,36.53,98,-6999,-6999,0,-6999,-6999,0
100,2013,120,1500,13.8,5.008,41.01,107,3.512,38.32,113.9,5.508,41.91,74.2,5.008,41.01,180.9,5.008,41.01,95.4,5.012,41.02,175,5.008,41.01,71.9,4.504,40.11,97.9,-6999,-6999,0,-6999,-6999,0
100,2013,120,1600,13.8,5.979,42.76,106.6,4.975,40.95,113.6,6.475,43.66,73.2,5.975,42.75,183.7,5.975,42.75,94.8,6.471,43.65,175.7,5.979,42.76,71.8,4.979,40.96,98.5,-6999,-6999,0,-6999,-6999,0
100,2013,120,1700,13.81,3.492,38.29,106.3,1.996,35.59,113.4,3.496,38.29,73.1,2.996,37.39,184.4,2.996,37.39,133.2,2.996,37.39,53,3.496,38.29,71.5,2.492,36.49,98.7,-6999,-6999,0,-6999,-6999,0
100,2013,120,1800,13.85,2.492,36.49,106,1.487,34.68,113.4,2.987,37.38,73.4,2.487,36.48,184.2,2.492,36.49,133.8,2.487,36.48,53.5,2.987,37.38,71.5,1.487,34.68,98.8,-6999,-6999,0,-6999,-6999,0
100,2013,120,1900,13.88,1.492,34.68,105.9,-.008,31.98,112.6,1.492,34.68,73.4,.996,33.79,183.9,1.492,34.68,94.3,.996,33.79,53.6,1.492,34.68,71.2,-.004,31.99,98.3,-6999,-6999,0,-6999,-6999,0
100,2013,120,2000,13.92,.492,32.88,107.8,-1.004,30.19,113.5,.496,32.89,73.2,.492,32.88,183.6,.492,32.88,134.4,.487,32.88,53.1,.496,32.89,69.9,-.508,31.09,99.3,-6999,-6999,0,-6999,-6999,0
100,2013,120,2100,13.94,-.504,31.09,108.5,-1.508,29.29,113.4,-.008,31.98,73.3,-.504,31.09,183.3,-.504,31.09,95.8,-1,30.2,51.6,-.008,31.98,71.1,-1.508,29.29,101.5,-6999,-6999,0,-6999,-6999,0
100,2013,120,2200,13.96,-1.008,30.18,111.5,-2.508,27.48,117.6,-1.008,30.18,69.1,-1.008,30.18,83.9,-1.008,30.18,97.2,-1.008,30.18,43.2,-1.008,30.18,74.3,-2.508,27.48,103.9,-6999,-6999,0,-6999,-6999,0
100,2013,120,2300,13.99,-2.008,28.38,112.5,-3.508,25.68,118.8,-2.004,28.39,72.2,-2.008,28.38,88.1,-2.008,28.38,134,-2.008,28.38,43,-2.004,28.39,75.7,-3.504,25.69,104.9,-6999,-6999,0,-6999,-6999,0
100,2013,120,2400,14.01,-3.004,26.59,113.3,-4.5,23.9,119.2,-2.504,27.49,74.5,-3.004,26.59,88.8,-3,26.6,133.5,-3.004,26.59,53.1,-2.504,27.49,76.1,-4.004,24.79,106.1,-6999,-6999,0,-6999,-6999,0
100,2013,121,100,14.03,-3.504,25.69,114.3,-4.508,23.88,120.8,-3.008,26.59,74.8,-3.504,25.69,89.9,-3.008,26.59,101.6,-3.504,25.69,220,-3.008,26.59,77.3,-4.508,23.88,106.6,-6999,-6999,0,-6999,-6999,0
100,2013,121,200,14.05,-4.004,24.79,115.9,-5.504,22.09,118.2,-4.004,24.79,78.1,-4.004,24.79,91.3,-4.004,24.79,102.6,-4.004,24.79,220,-4,24.8,78.6,-5.5,22.1,108.5,-6999,-6999,0,-6999,-6999,0
100,2013,121,300,14.07,-4.5,23.9,116.2,-6,21.2,123.4,-4.5,23.9,230,-4.5,23.9,90.4,-4.5,23.9,105.7,-4.5,23.9,55.9,-4.004,24.79,80.7,-5.504,22.09,110.8,-6999,-6999,0,-6999,-6999,0
100,2013,121,400,14.08,-4.504,23.89,121.8,-6.004,21.19,127,-4.504,23.89,82.8,-4.504,23.89,96.3,-4.504,23.89,109.1,-4.504,23.89,220,-4.504,23.89,83.4,-6.004,21.19,114.7,-6999,-6999,0,-6999,-6999,0
100,2013,121,500,14.1,-5.008,22.98,124.5,-6.508,20.29,130.6,-5.004,22.99,84.9,-5.008,22.98,98.3,-5.008,22.98,134.2,-5.008,22.98,220,-5.008,22.98,85.8,-6.508,20.29,116.7,-6999,-6999,0,-6999,-6999,0
100,2013,121,600,14.11,-6.008,21.18,126,-7.51,18.48,235,-5.508,22.09,85.4,-6.008,21.18,98.5,-6.008,21.18,123.9,-6.008,21.18,220,-6.004,21.19,86.9,-7.51,18.48,118.4,-6999,-6999,0,-6999,-6999,0
100,2013,121,700,14.13,-7,19.4,127.3,-8.5,16.7,134.2,-6.5,20.3,85.1,-7,19.4,100.5,-7,19.4,123.5,-7,19.4,220,-6.5,20.3,88,-8.5,16.71,119,-6999,-6999,0,-6999,-6999,0
100,2013,121,800,14.15,-6.996,19.41,127.7,-8.5,16.71,134,-6.5,20.3,87,-6.996,19.41,182.1,-6.996,19.41,115.2,-6.996,19.41,59.6,-6.5,20.3,88,-8,17.61,120,-6999,-6999,0,-6999,-6999,0
100,2013,121,900,14.16,-6.5,20.3,127.7,-8,17.6,128.4,-6.5,20.3,80.1,-6.504,20.29,183.5,-6.5,20.3,115.5,-6.5,20.3,60.9,-6.5,20.3,88.6,-7.5,18.5,120,-6999,-6999,0,-6999,-6999,0
100,2013,121,1000,14.16,-6.508,20.29,132,-8.01,17.58,235,-6.508,20.29,90.8,-7.01,19.39,183.9,-6.508,20.29,119.8,-6.508,20.29,65.8,-6.508,20.29,91.8,-7.51,18.48,124.7,-6999,-6999,0,-6999,-6999,0
100,2013,121,1100,14.16,-7.5,18.49,134.7,-9,15.8,139.9,-7.5,18.5,82.6,-8,17.6,107.6,-7.5,18.49,123.1,-7.5,18.49,66.6,-7.5,18.49,94.5,-9,15.8,128.6,-6999,-6999,0,-6999,-6999,0
100,2013,121,1200,14.17,-8,17.59,137.2,-9,15.79,140.4,-7.5,18.49,94.6,-8,17.59,184.2,-8,17.6,124.9,-8,17.59,69,-8,17.6,96,-9,15.8,130.5,-6999,-6999,0,-6999,-6999,0
100,2013,121,1300,14.18,-8.49,16.71,137.9,-9.49,14.92,142.4,-7.99,17.61,82.2,-8.49,16.71,184.5,-8,17.61,124.8,-8.5,16.71,220,-8,17.6,95.6,-9,15.8,130.5,-6999,-6999,0,-6999,-6999,0
100,2013,121,1400,14.18,-7.5,18.5,140.2,-8.5,16.69,146.3,-7,19.39,97.3,-7.5,18.49,184.2,-7.5,18.5,126.3,-8,17.6,220,-8,17.61,97.9,-9,15.81,132.8,-6999,-6999,0,-6999,-6999,0
100,2013,121,1500,14.19,-7.5,18.49,141.1,-9,15.79,147.9,-7.5,18.49,98.3,-8,17.6,184.2,-7.5,18.5,127.7,-8,17.6,75.8,-7.5,18.49,98.7,-8.5,16.69,134.5,-6999,-6999,0,-6999,-6999,0
100,2013,121,1600,14.19,-8,17.59,142.2,-9.5,14.9,148.9,-8,17.6,99,-8,17.59,183.9,-7.5,18.49,128.8,-8,17.59,220,-8,17.59,99.6,-9,15.79,136.8,-6999,-6999,0,-6999,-6999,0
100,2013,121,1700,14.19,-8.51,16.68,142.8,-9.51,14.88,150.1,-8.01,17.58,99.4,-8.51,16.68,184.1,-8.01,17.58,129.3,-8.51,16.68,72.6,-8.5,16.69,99.8,-9.51,14.89,137,-6999,-6999,0,-6999,-6999,0
100,2013,121,1800,14.2,-9.51,14.89,143,-11,12.19,149.9,-9.01,15.79,99.3,-9.51,14.89,184,-9.5,14.89,134.3,-9.5,14.89,73.3,-9.01,15.79,99.8,-10.51,13.08,137.5,-6999,-6999,0,-6999,-6999,0
100,2013,121,1900,14.22,-10.5,13.09,143.6,-11.51,11.29,150.9,-10,13.99,100,-10.5,13.09,184.1,-10.01,13.98,129.8,-10.01,13.98,69.1,-10.01,13.98,100.3,-11.51,11.29,137.6,-6999,-6999,0,-6999,-6999,0
100,2013,121,2000,14.24,-11,12.19,143.2,-12.5,9.49,149.6,-10.5,13.09,99.7,-11,12.19,184,-11,12.19,129.4,-11,12.19,67.2,-11,12.2,99.9,-12.5,9.5,137.6,-6999,-6999,0,-6999,-6999,0
100,2013,121,2100,14.26,-11.5,11.3,143.2,-13,8.6,149.8,-11,12.2,99.5,-11.5,11.3,184.3,-11.5,11.3,129.4,-11.5,11.3,68.3,-11,12.2,99.8,-12.5,9.49,137.4,-6999,-6999,0,-6999,-6999,0
100,2013,121,2200,14.28,-11.5,11.29,141.8,-13,8.59,143.9,-11,12.19,99,-11.5,11.29,184.3,-11.5,11.29,128,-11.5,11.29,220,-11.01,12.18,99.4,-13.01,8.58,137.2,-6999,-6999,0,-6999,-6999,0
100,2013,121,2300,14.29,-12.01,10.38,141.3,-13.51,7.68,235,-11.51,11.28,98.4,-12.01,10.38,184.3,-12.01,10.38,126.7,-12.01,10.39,220,-12.01,10.39,98.7,-14.01,6.785,135.9,-6999,-6999,0,-6999,-6999,0
100,2013,121,2400,14.31,-13.51,7.68,140.7,-15.01,4.977,235,-13.01,8.58,98,-13.51,7.68,182.8,-13.51,7.69,126.8,-13.01,8.58,220,-13.02,8.57,98.4,-15.01,4.977,135.7,-6999,-6999,0,-6999,-6999,0
100,2013,122,100,14.34,-15.01,4.985,140,-16.51,2.285,235,-14.51,5.885,97.6,-15.01,4.985,184.6,-14.51,5.878,126.4,-14.51,5.878,220,-15.01,4.985,98.1,-16.51,2.278,135.6,-6999,-6999,0,-6999,-6999,0
100,2013,122,200,14.37,-16,3.193,139.1,-17.5,.493,235,-15.5,4.093,97.3,-16,3.193,185,-16,3.193,125.9,-16,3.193,220,-16,3.193,97.6,-18,-.407,134.4,-6999,-6999,0,-6999,-6999,0
100,2013,122,300,14.41,-16.5,2.293,138.9,-18,-.407,235,-16,3.193,97.2,-16.5,2.293,184.7,-16.5,2.293,125.5,-16.5,2.293,220,-16.5,2.3,97.3,-18.5,-1.3,134.1,-6999,-6999,0,-6999,-6999,0
100,2013,122,400,14.43,-17,1.408,137.8,-18.5,-1.292,144.8,-16.5,2.3,97.1,-17,1.408,184.6,-17,1.408,125.1,-17,1.408,220,-16.5,2.308,97.1,-18.5,-1.292,133.7,-6999,-6999,0,-6999,-6999,0
100,2013,122,500,14.44,-16.5,2.308,137.3,-18,-.392,144.8,-16.49,2.315,96.5,-16.5,2.308,184.6,-16.5,2.308,125.1,-16.5,2.308,220,-16,3.208,95.7,-18,-.392,133.6,-6999,-6999,0,-6999,-6999,0
100,2013,122,600,14.44,-15.99,3.215,137.2,-17.5,.507,144.8,-15.5,4.108,96.4,-16,3.208,184.6,-16,3.208,124.4,-16,3.208,220,-15.5,4.108,96.8,-17.5,.507,132.4,-6999,-6999,0,-6999,-6999,0
100,2013,122,700,14.43,-14.96,5.067,137.1,-16.96,1.468,144.5,-14.97,5.06,95.6,-15.47,4.16,183.2,-15.47,4.16,124.1,-15.46,4.168,220,-14.97,5.052,96.6,-16.96,1.468,132.8,-6999,-6999,0,-6999,-6999,0
100,2013,122,800,14.37,-10.47,13.14,137.9,-12.47,9.55,144.4,-10.97,12.26,95.8,-11.47,11.35,183.9,-11.47,11.35,124.6,-10.98,12.24,220,-11.47,11.35,96.5,-12.47,9.55,132.3,-6999,-6999,0,-6999,-6999,0
100,2013,122,900,14.31,-7.48,18.53,136.7,-8.95,15.88,143.3,-6.983,19.43,95,-8.48,16.74,184.4,-7.96,17.67,124.2,-8.48,16.74,220,-8.48,16.74,96.4,-9.45,14.98,131.4,-6999,-6999,0,-6999,-6999,0
100,2013,122,1000,14.24,-5.504,22.09,137.2,-3.525,25.65,143.2,-5.008,22.98,95.6,-6.004,21.19,184.4,-3.025,26.56,124.4,-6.004,21.19,67.7,-6.004,21.19,95.9,-4.025,24.76,130.7,-6999,-6999,0,-6999,-6999,0
100,2013,122,1100,14.2,-6,21.2,136.3,-6.504,20.29,140.5,-6,21.2,95.4,-6.5,20.3,184,-6,21.2,123.8,-6.496,20.31,220,-6.496,20.31,95.8,-6.996,19.41,131.8,-6999,-6999,0,-6999,-6999,0
100,2013,122,1200,14.14,-5.958,21.27,136.3,-6.971,19.45,143.5,-5.967,21.26,94.8,-6.462,20.37,184,-5.95,21.29,123.1,-5.979,21.24,67.3,-5.967,21.26,95.4,-6.458,20.38,129.8,-6999,-6999,0,-6999,-6999,0
100,2013,122,1300,14.1,-1.008,30.18,136,-3.5,25.7,141.7,-2,28.4,95.3,-2.004,28.39,184.1,-.012,31.98,120.8,-3.492,25.71,69.9,-2.004,28.39,95.8,-1.504,29.29,129.9,-6999,-6999,0,-6999,-6999,0
100,2013,122,1400,14.08,-2.008,28.38,135.3,-3.508,25.68,140.4,-2.008,28.38,94.9,-2.508,27.48,184.5,-1.512,29.28,120.4,-2.504,27.49,73.4,-2.504,27.49,95.4,-2.017,28.37,129.6,-6999,-6999,0,-6999,-6999,0
100,2013,122,1500,14.07,-3,26.6,135.7,-4.5,23.9,140.7,-3.004,26.59,94.9,-3.504,25.69,184.2,-3,26.6,120.4,-3.004,26.59,68.9,-3.004,26.59,96,-4.008,24.79,130.1,-6999,-6999,0,-6999,-6999,0
100,2013,122,1600,14.07,-3.008,26.59,135.9,-4.508,23.88,143.2,-3.504,25.69,94.4,-4.004,24.79,183.9,-3.012,26.58,123.7,-3.508,25.68,68.4,-3.504,25.69,95.7,-5.004,22.99,129.9,-6999,-6999,0,-6999,-6999,0
100,2013,122,1700,14.08,-4.008,24.79,135.6,-5.508,22.09,143.2,-4.004,24.79,95,-4.504,23.89,184.3,-4.504,23.89,123.7,-4.504,23.89,66.9,-4.004,24.79,95.5,-5.504,22.09,130,-6999,-6999,0,-6999,-6999,0
100,2013,122,1800,14.1,-5.004,22.99,135.4,-6.504,20.29,142.3,-4.508,23.88,95,-5.004,22.99,184.2,-5.004,22.99,123.8,-5.004,22.99,65.5,-4.508,23.88,95.5,-6.008,21.18,129.8,-6999,-6999,0,-6999,-6999,0
100,2013,122,1900,14.11,-5.504,22.09,135.5,-7,19.39,140.7,-5.504,22.09,94.8,-5.504,22.09,183.7,-5.504,22.09,123.5,-5.504,22.09,70.3,-5.5,22.1,95.1,-7,19.39,129.8,-6999,-6999,0,-6999,-6999,0
100,2013,122,2000,14.13,-6,21.2,134.9,-7.5,18.5,142.2,-6,21.2,94.2,-6,21.2,184,-6,21.2,123.8,-6,21.2,69.5,-5.5,22.1,95.1,-7.5,18.5,129.8,-6999,-6999,0,-6999,-6999,0
100,2013,122,2100,14.14,-6,21.2,134.3,-7.5,18.51,142.3,-5.996,21.21,94.3,-6,21.2,184,-6,21.2,123.5,-6,21.2,71.6,-5.5,22.1,95,-7.5,18.5,128.7,-6999,-6999,0,-6999,-6999,0
100,2013,122,2200,14.15,-6,21.2,134.3,-7,19.39,142.1,-5.504,22.09,94.1,-6.004,21.19,184,-6,21.2,119.7,-6,21.2,71.6,-5.5,22.1,94.8,-7.5,18.5,128.7,-6999,-6999,0,-6999,-6999,0
100,2013,122,2300,14.16,-6.004,21.19,134.1,-7.5,18.49,141.8,-6,21.2,93.6,-6.5,20.3,184,-6.004,21.19,119.7,-6.004,21.19,73.2,-5.504,22.09,94.5,-7.5,18.49,128.8,-6999,-6999,0,-6999,-6999,0
100,2013,122,2400,14.16,-6.5,20.3,134.1,-8,17.6,141.5,-6.004,21.19,93.6,-6.5,20.3,184.3,-6.5,20.3,119.3,-6.5,20.3,73.1,-6,21.2,94.4,-8,17.6,128.4,-6999,-6999,0,-6999,-6999,0
100,2013,123,100,14.17,-6.496,20.31,134,-8,17.61,141.2,-6.496,20.31,93.6,-6.496,20.31,184.4,-6.496,20.31,119.2,-6.496,20.31,72.5,-6,21.2,94.2,-8,17.61,128.3,-6999,-6999,0,-6999,-6999,0
100,2013,123,200,14.17,-5.996,21.21,133.9,-7.5,18.5,141.1,-6,21.2,93.4,-6,21.2,183.7,-6,21.2,119.2,-6,21.2,72.6,-5.996,21.21,94,-7.5,18.5,128.3,-6999,-6999,0,-6999,-6999,0
100,2013,123,300,14.17,-5.504,22.09,132.2,-7.5,18.49,140.7,-6,21.2,93.4,-6.004,21.19,184.3,-6.004,21.19,119.3,-6,21.2,71.9,-5.504,22.09,93.9,-7.5,18.5,127.9,-6999,-6999,0,-6999,-6999,0
100,2013,123,400,14.17,-5.996,21.21,133.9,-7.99,17.61,138.5,-5.996,21.21,93,-6.492,20.32,184.4,-6.496,20.31,119.2,-5.992,21.21,72,-5.996,21.21,93.8,-7.5,18.51,127.8,-6999,-6999,0,-6999,-6999,0
100,2013,123,500,14.16,-5.496,22.11,133.3,-6.996,19.41,139.9,-5.492,22.12,92.7,-5.496,22.11,184.3,-5.992,21.21,119.1,-5,23,72.4,-5.496,22.11,93.6,-6.996,19.41,127.7,-6999,-6999,0,-6999,-6999,0
100,2013,123,600,14.16,-4.992,23.01,132.3,-6.492,20.32,139.9,-4.496,23.91,92.4,-4.992,23.01,184.5,-4.996,23.01,119.1,-4.992,23.01,70.4,-4.992,23.01,93.4,-6.492,20.32,127.5,-6999,-6999,0,-6999,-6999,0
100,2013,123,700,14.14,-3.979,24.84,132.6,-5.483,22.13,139.5,-3.983,24.83,92,-3.987,24.82,184.1,-4.487,23.92,118.4,-3.983,24.83,71.5,-3.983,24.83,93.3,-5.479,22.14,127.1,-6999,-6999,0,-6999,-6999,0
100,2013,123,800,14.1,-1.479,29.34,132.6,-3.475,25.74,139.8,-1.958,28.47,91.4,-2.475,27.54,183.9,-2.975,26.65,133.3,-1.975,28.44,69.5,-1.975,28.44,92.9,-2.979,26.64,126.7,-6999,-6999,0,-6999,-6999,0
100,2013,123,900,14.05,1.033,33.86,131.8,-.45,31.19,138.7,3.017,37.43,90.8,.521,32.94,184.7,.054,32.1,117.4,1.012,33.82,69.2,1.017,33.83,92.9,-.454,31.18,126.2,-6999,-6999,0,-6999,-6999,0
100,2013,123,1000,13.99,4.996,40.99,130.6,5.517,41.93,136.1,4.996,40.99,91.9,3.008,37.41,184.9,6.512,43.72,116.2,2.529,36.55,71.8,3,37.4,92.6,5.004,41.01,125.8,-6999,-6999,0,-6999,-6999,0
100,2013,123,1100,13.88,4.508,40.12,129.9,7.49,45.48,135.7,4.512,40.12,90.1,4.012,39.22,184.5,7.98,46.36,116.1,5.996,42.79,73.7,3.025,37.44,92.2,5.525,41.94,121.4,-6999,-6999,0,-6999,-6999,0
100,2013,123,1200,13.86,5.521,41.94,127.5,5.996,42.79,135.8,6.017,42.83,88.9,5.517,41.93,184.7,5.546,41.98,114.7,5.504,41.91,73.7,6.021,42.84,88.5,8.5,47.29,119.2,-6999,-6999,0,-6999,-6999,0
100,2013,123,1300,13.85,7.99,46.38,127,5.496,41.89,135,7.98,46.37,88.1,7.49,45.48,183.8,10.97,51.74,113.2,6,42.8,71.6,8.48,47.26,88.3,7.98,46.36,118.4,-6999,-6999,0,-6999,-6999,0
100,2013,123,1400,13.87,6.496,43.69,127.1,4.992,40.99,134.4,5.996,42.79,87.2,5.996,42.79,184.8,6.987,44.58,112.3,5.996,42.79,68.3,5.992,42.78,88,5.492,41.88,118.3,-6999,-6999,0,-6999,-6999,0
100,2013,123,1500,13.87,5.987,42.78,126.9,3.992,39.18,133.9,5.492,41.88,86.9,5.487,41.88,184.9,5.492,41.88,112,5.487,41.88,68.5,4.992,40.99,87.8,4.487,40.08,118.5,-6999,-6999,0,-6999,-6999,0
100,2013,123,1600,13.88,4.496,40.09,126.5,2.996,37.39,133.5,4.496,40.09,86.9,3.996,39.19,184.7,4.496,40.09,111.6,4,39.2,68.2,4,39.2,87.3,2.996,37.39,117,-6999,-6999,0,-6999,-6999,0
100,2013,123,1700,13.88,3.987,39.18,126.3,2.487,36.48,133.1,3.987,39.18,86.9,3.487,38.28,184.4,3.987,39.18,111.2,3.987,39.18,67.3,3.987,39.18,87.2,2.487,36.48,116.9,-6999,-6999,0,-6999,-6999,0
100,2013,123,1800,13.9,2.487,36.48,126.1,.992,33.79,132.8,2.492,36.49,86.9,1.992,35.59,184.2,2.492,36.49,133.8,2.487,36.48,67,2.492,36.49,87,.992,33.79,116.9,-6999,-6999,0,-6999,-6999,0
100,2013,123,1900,13.92,.983,33.77,126.2,-.021,31.96,132.5,1.483,34.67,86.6,.983,33.77,184,1.479,34.66,133.9,.975,33.76,67,1.483,34.67,86.8,-.017,31.97,116.8,-6999,-6999,0,-6999,-6999,0
100,2013,123,2000,13.94,-1.004,30.19,125.8,-2.5,27.5,132.2,-.504,31.09,86.5,-1.004,30.19,184,-1,30.2,133.9,-1.992,28.41,66.6,-.504,31.09,86.7,-2.004,28.39,116.9,-6999,-6999,0,-6999,-6999,0
100,2013,123,2100,13.96,-1.504,29.29,125.9,-2.504,27.49,132.2,-1.004,30.19,86.5,-1.5,29.3,184,-1.004,30.19,110.6,-1.008,30.18,66.6,-1.004,30.19,86.6,-2.504,27.49,116.2,-6999,-6999,0,-6999,-6999,0
100,2013,123,2200,13.97,-2,28.4,125.4,-3,26.6,132,-1.5,29.3,86.3,-1.504,29.29,184,-1.5,29.3,110.2,-1.996,28.41,66.4,-1.5,29.3,86.4,-3,26.6,116.2,-6999,-6999,0,-6999,-6999,0
100,2013,123,2300,13.98,-2.008,28.38,125.6,-3.012,26.58,132,-1.512,29.28,86.3,-2.008,28.38,183.4,-1.512,29.28,123.3,-1.512,29.28,66.1,-1.512,29.28,86.5,-3.012,26.58,116.2,-6999,-6999,0,-6999,-6999,0
100,2013,123,2400,14,-3.008,26.59,125.4,-4.508,23.88,131.8,-3.008,26.59,86.3,-3.008,26.59,183.6,-3.008,26.59,123.3,-3.008,26.59,65.9,-3.008,26.59,86.5,-4.508,23.88,116,-6999,-6999,0,-6999,-6999,0
100,2013,124,100,14.02,-4.012,24.78,125.2,-5.508,22.09,131.5,-4.008,24.79,86.1,-4.008,24.79,183.3,-4.008,24.79,123.4,-4.008,24.79,65.6,-4.008,24.79,86.4,-5.508,22.09,116.2,-6999,-6999,0,-6999,-6999,0
100,2013,124,200,14.05,-5.496,22.11,125.1,-6.5,20.3,131.5,-5,23,86.1,-5,23,183.3,-5,23,110.1,-5,23,65.9,-5,23,86.4,-6.5,20.3,116.2,-6999,-6999,0,-6999,-6999,0
100,2013,124,300,14.06,-5.004,22.99,124.8,-6.504,20.29,131.5,-5.004,22.99,86,-5.004,22.99,182.7,-5.004,22.99,123.8,-5.004,22.99,65.5,-5.004,22.99,86.2,-6.504,20.29,116,-6999,-6999,0,-6999,-6999,0
100,2013,124,400,14.08,-5.508,22.09,125,-7.01,19.39,131.4,-5.508,22.09,86.3,-5.508,22.09,181.1,-5.508,22.09,123.8,-5.508,22.09,65.7,-5.508,22.09,86.1,-7.01,19.38,116.2,-6999,-6999,0,-6999,-6999,0
100,2013,124,500,14.1,-6.508,20.29,124.8,-8.01,17.58,131.3,-6.508,20.29,86.3,-6.508,20.29,97.7,-6.508,20.29,123.6,-6.508,20.29,65.3,-6.508,20.29,86.1,-8.5,16.69,115.2,-6999,-6999,0,-6999,-6999,0
100,2013,124,600,14.12,-7.49,18.52,124.9,-8.99,15.82,131.3,-7.49,18.52,86,-7.49,18.51,97.7,-7.49,18.51,109.7,-7.49,18.51,66,-7.49,18.52,86,-8.99,15.82,116.2,-6999,-6999,0,-6999,-6999,0
100,2013,124,700,14.11,-5.954,21.28,124.3,-7.47,18.55,130.8,-5.971,21.25,86.2,-6.467,20.36,183.1,-6.467,20.36,123.2,-6.462,20.37,66.3,-5.975,21.24,86.1,-7.97,17.66,115.8,-6999,-6999,0,-6999,-6999,0
100,2013,124,800,14.06,-.479,31.14,124.6,-3.967,24.86,131.1,-2.454,27.58,85.6,-2.467,27.56,184.4,-2.471,27.55,110,-1.971,28.45,66.6,-2.962,26.67,86,-3.967,24.86,115.3,-6999,-6999,0,-6999,-6999,0
100,2013,124,900,14,2.029,35.65,123.9,.05,32.09,130.1,3.017,37.43,85.6,1.517,34.73,184.7,1.042,33.88,109.5,1.508,34.71,67.3,1.517,34.73,86,.037,32.07,115.6,-6999,-6999,0,-6999,-6999,0
100,2013,124,1000,13.95,5.483,41.87,123.8,5.979,42.76,130,4.987,40.98,85.5,3.496,38.29,185,5.983,42.77,109.7,2.508,36.51,66.8,3.496,38.29,85.7,4.487,40.08,115,-6999,-6999,0,-6999,-6999,0
100,2013,124,1100,13.92,3.492,38.29,123.7,3.483,38.27,129.9,3.492,38.29,85.4,2.992,37.38,184.8,3.987,39.18,109.3,3.487,38.28,66.9,2.992,37.38,85.9,2.987,37.38,115,-6999,-6999,0,-6999,-6999,0
100,2013,124,1200,13.89,2.504,36.51,123,1.5,34.7,129.2,2.504,36.51,84.5,2.008,35.62,185,2.504,36.51,109.3,2.004,35.61,67.4,2.012,35.62,85,1.508,34.71,113,-6999,-6999,0,-6999,-6999,0
100,2013,124,1300,13.89,2.987,37.38,122.8,1.487,34.68,129,2.987,37.38,84.2,2.983,37.37,184.9,2.987,37.38,108.9,2.487,36.48,65.5,3.483,38.27,84.8,2.483,36.47,113.4,-6999,-6999,0,-6999,-6999,0
100,2013,124,1400,13.92,1.492,34.68,122.5,-.004,31.99,128.7,1.492,34.68,84.5,.996,33.79,184.5,1.492,34.68,133.8,.996,33.79,65.3,1.492,34.68,84.8,.492,32.88,113.6,-6999,-6999,0,-6999,-6999,0
100,2013,124,1500,13.93,.492,32.88,122.7,-.508,31.09,128.6,.496,32.89,84.3,.492,32.88,184.3,.496,32.89,133.8,.487,32.88,65.9,.492,32.88,84.6,-.508,31.09,113.8,-6999,-6999,0,-6999,-6999,0
100,2013,124,1600,13.94,-.504,31.09,122.3,-1.504,29.29,128.2,-.004,31.99,83.6,-.504,31.09,184,-.008,31.98,133.9,-.996,30.21,64.6,-.5,31.1,84.3,-1.504,29.29,113,-6999,-6999,0,-6999,-6999,0
100,2013,124,1700,13.96,-1,30.2,122.3,-2.004,28.39,128.3,-.504,31.09,83.7,-1,30.2,184,-1,30.2,134.4,-.5,31.1,63.9,-.504,31.09,84.2,-2,28.4,113.8,-6999,-6999,0,-6999,-6999,0
100,2013,124,1800,13.97,-1,30.2,122.3,-2.496,27.51,128.2,-.996,30.21,83.6,-1,30.2,184,-.996,30.21,134.4,-.5,31.1,63.9,-1,30.2,83.8,-2,28.4,113.8,-6999,-6999,0,-6999,-6999,0
100,2013,124,1900,13.97,-1.004,30.19,122.4,-2.008,28.38,126.7,-.508,31.09,85,-1.004,30.19,184,-.508,31.09,133.9,-.508,31.09,64.2,-1.004,30.19,83.9,-2.008,28.38,114,-6999,-6999,0,-6999,-6999,0
100,2013,124,2000,13.98,-1.5,29.3,122.4,-3,26.6,126.7,-1.5,29.3,84.8,-1.504,29.29,184,-1.5,29.3,133.9,-1.504,29.29,64.3,-1.5,29.3,83.9,-3,26.6,114,-6999,-6999,0,-6999,-6999,0
100,2013,124,2100,13.99,-1.5,29.3,122.4,-3,26.6,126.7,-1.5,29.3,84.8,-2,28.4,184.7,-1.5,29.3,133.9,-2,28.4,64.3,-1.5,29.3,83.9,-3,26.6,114,-6999,-6999,0,-6999,-6999,0
100,2013,124,2200,14,-1.504,29.29,122.5,-3.004,26.59,127.3,-1.504,29.29,84.8,-2,28.4,184.7,-1.504,29.29,120.8,-2,28.4,64,-1.504,29.29,83.8,-3.004,26.59,114.1,-6999,-6999,0,-6999,-6999,0
100,2013,124,2300,14,-2.004,28.39,122.2,-3.504,25.69,127.6,-2.004,28.39,84.4,-2.004,28.39,184.9,-2.004,28.39,133.1,-2.004,28.39,64,-2.004,28.39,83.8,-3.504,25.69,113.1,-6999,-6999,0,-6999,-6999,0
100,2013,124,2400,14.01,-2.504,27.49,122.3,-4.004,24.79,127.4,-2.504,27.49,84.4,-2.504,27.49,185,-2.504,27.49,133.2,-2.504,27.49,64.1,-2.504,27.49,83.8,-4.004,24.79,113.5,-6999,-6999,0,-6999,-6999,0
100,2013,125,100,14.02,-3,26.6,122.3,-4.5,23.9,127.4,-3,26.6,84.4,-3,26.6,184.8,-3,26.6,123.3,-3.004,26.59,64.1,-3,26.6,83.8,-4.5,23.9,113.2,-6999,-6999,0,-6999,-6999,0
100,2013,125,200,14.03,-3.004,26.59,121.9,-4.504,23.89,127.3,-3.004,26.59,83.5,-3.004,26.59,185,-3.004,26.59,124.6,-3.5,25.7,64,-3.004,26.59,83.8,-4.504,23.89,113.3,-6999,-6999,0,-6999,-6999,0
100,2013,125,300,14.04,-3.508,25.68,122.2,-5.008,22.98,127.7,-3.504,25.69,83.5,-3.508,25.68,185,-3.508,25.68,124.4,-3.508,25.68,64.1,-3.504,25.69,83.7,-5.008,22.98,112.8,-6999,-6999,0,-6999,-6999,0
100,2013,125,400,14.06,-4.504,23.89,121.8,-6.004,21.19,127.3,-4.008,24.79,84,-4.504,23.89,185,-4.504,23.89,125.2,-4.504,23.89,64.1,-4.008,24.79,83.7,-6.004,21.19,111.6,-6999,-6999,0,-6999,-6999,0
100,2013,125,500,14.08,-5.008,22.98,121.7,-6.508,20.29,127.5,-5.008,22.98,83.7,-5.008,22.98,185,-5.008,22.98,123.8,-5.008,22.98,64,-5.004,22.99,83.6,-6.508,20.29,111.7,-6999,-6999,0,-6999,-6999,0
100,2013,125,600,14.1,-5.992,21.21,121.8,-7.49,18.51,127.4,-5.987,21.22,83.7,-5.992,21.21,184.7,-5.992,21.21,124.4,-5.992,21.21,64.1,-5.492,22.12,83.6,-7.49,18.51,111.8,-6999,-6999,0,-6999,-6999,0
100,2013,125,700,14.1,-4.971,23.05,122,-6.475,20.35,126.8,-4.479,23.94,84.1,-4.979,23.04,184.9,-4.979,23.04,108.3,-4.975,23.04,63.8,-4.483,23.93,83.6,-6.475,20.35,112.3,-6999,-6999,0,-6999,-6999,0
100,2013,125,800,14.06,-1.479,29.34,121.9,-3.475,25.74,126.9,-1.971,28.45,83.4,-2.475,27.54,184.5,-2.475,27.54,133.3,-1.975,28.44,63.7,-2.471,27.55,83.5,-3.475,25.74,112.1,-6999,-6999,0,-6999,-6999,0
100,2013,125,900,14,1.017,33.83,121.5,-.479,31.14,126.6,1.512,34.72,83.6,.517,32.93,184.4,.521,32.94,133.2,1.012,33.82,63.7,1.012,33.82,83.7,-.479,31.14,111.6,-6999,-6999,0,-6999,-6999,0
100,2013,125,1000,13.96,3.008,37.41,121.3,2.025,35.65,125.8,3.017,37.43,83.5,2.512,36.52,184.6,3.021,37.44,107.6,2.517,36.53,63.2,2.508,36.51,83.4,2.017,35.63,111.6,-6999,-6999,0,-6999,-6999,0
100,2013,125,1100,13.89,4.004,39.21,121.2,4.987,40.98,127.2,5,41,83,4,39.2,184.9,5.492,41.88,107.7,4.5,40.1,66,3.508,38.32,83.5,4.012,39.22,112.4,-6999,-6999,0,-6999,-6999,0
100,2013,125,1200,13.86,4.504,40.11,121.1,3.5,38.3,126.4,5,41,83.5,4.008,39.21,184.8,4.504,40.11,107.7,4.5,40.1,66.9,4.504,40.11,83.4,5.496,41.89,112.5,-6999,-6999,0,-6999,-6999,0
100,2013,125,1300,13.86,4.979,40.96,121.2,3.479,38.26,126.6,4.979,40.96,83.7,4.979,40.96,184.7,4.979,40.96,132.9,4.483,40.07,66.8,4.979,40.96,83.3,4.971,40.95,111.7,-6999,-6999,0,-6999,-6999,0
100,2013,125,1400,13.88,2.529,36.55,120.9,1.029,33.85,126.1,2.529,36.55,83.6,2.525,36.54,184.5,2.529,36.55,107.6,2.525,36.54,66.3,2.525,36.54,83.4,1.529,34.75,112.5,-6999,-6999,0,-6999,-6999,0
100,2013,125,1500,13.88,5.996,42.79,120,4.492,40.09,126,5.992,42.78,83.1,5.496,41.89,184.5,5.992,42.78,106.8,5.496,41.89,64.6,5.496,41.89,83.1,4.992,40.99,111.6,-6999,-6999,0,-6999,-6999,0
100,2013,125,1600,13.88,5.479,41.86,120.2,3.483,38.27,125.9,4.983,40.97,81.4,4.983,40.97,184.3,4.983,40.97,106.5,4.983,40.97,64.6,4.983,40.97,82.9,3.983,39.17,111.6,-6999,-6999,0,-6999,-6999,0
100,2013,125,1700,13.88,2.975,37.35,120.3,1.479,34.66,125.9,2.979,37.36,83,2.975,37.35,183.9,2.979,37.36,133.8,2.975,37.35,62.3,2.979,37.36,82.7,1.975,35.56,111.9,-6999,-6999,0,-6999,-6999,0
100,2013,125,1800,13.92,0,32,121.2,-1.004,30.19,123.6,.496,32.89,81.1,0,32,183.5,.496,32.89,133.8,0,32,63.3,.496,32.89,82.4,-1,30.2,112.5,-6999,-6999,0,-6999,-6999,0
100,2013,125,1900,13.93,-.004,31.99,121.3,-1.504,29.29,123.5,-.004,31.99,81.4,-.004,31.99,183.6,-.004,31.99,108.2,-.008,31.98,63.4,-.004,31.99,82.5,-1.004,30.19,112.6,-6999,-6999,0,-6999,-6999,0
100,2013,125,2000,13.94,-.504,31.09,121.4,-2,28.4,123,-.5,31.1,79.4,-.5,31.1,183.6,-.5,31.1,133.9,-1,30.2,63.3,-.5,31.1,82.3,-1.504,29.29,112.7,-6999,-6999,0,-6999,-6999,0
100,2013,125,2100,13.96,-1,30.2,121,-2.004,28.39,122.5,-.504,31.09,79,-.504,31.09,183.3,-.504,31.09,133.9,-.996,30.21,62.9,-.504,31.09,82.4,-2,28.4,112.3,-6999,-6999,0,-6999,-6999,0
100,2013,125,2200,13.97,-.996,30.21,120.9,-2.496,27.51,235,-.996,30.21,81.6,-.996,30.21,183.3,-.996,30.21,133.4,-.504,31.09,62.9,-.996,30.21,82.1,-1.996,28.41,112.3,-6999,-6999,0,-6999,-6999,0
100,2013,125,2300,13.97,-.504,31.09,121,-2.004,28.39,115,-.504,31.09,81.9,-.504,31.09,183.3,-.504,31.09,134.4,-1.008,30.18,63,-.504,31.09,82,-1.508,29.29,112.8,-6999,-6999,0,-6999,-6999,0
100,2013,125,2400,13.97,-1,30.2,121,-2.5,27.5,235,-1,30.2,82.1,-1,30.2,183.6,-1,30.2,107.7,-1.987,28.42,62,-1,30.2,82,-2.5,27.5,112.8,-6999,-6999,0,-6999,-6999,0
100,2013,126,100,13.98,-1.008,30.18,120.7,-2.504,27.49,235,-1.008,30.18,82.6,-1.008,30.18,183.7,-1.008,30.18,133.4,-.512,31.08,61.7,-1.004,30.19,82,-2.504,27.49,112.5,-6999,-6999,0,-6999,-6999,0
100,2013,126,200,13.99,-2.004,28.39,120.3,-3.004,26.59,113.4,-2,28.4,82.5,-2.004,28.39,183.7,-2.004,28.39,107.5,-2.004,28.39,61.2,-1.508,29.29,82,-3.008,26.59,112.8,-6999,-6999,0,-6999,-6999,0
100,2013,126,300,14,-2.504,27.49,120.5,-3.504,25.69,121.3,-2.004,28.39,82.6,-2.5,27.5,183.4,-2.5,27.5,133.4,-2.504,27.49,61.2,-2.5,27.5,81.8,-4,24.8,112.8,-6999,-6999,0,-6999,-6999,0
100,2013,126,400,14.02,-2.996,26.61,119.8,-4,24.8,121.7,-2.5,27.5,82.2,-2.5,27.5,183.4,-2.5,27.5,107.5,-2.996,26.61,61.3,-2.496,27.51,81.7,-3.996,24.81,112.3,-6999,-6999,0,-6999,-6999,0
100,2013,126,500,14.02,-2.496,27.51,119.7,-3.992,24.82,121.8,-2.496,27.51,80.8,-2.496,27.51,183.4,-2.496,27.51,106.9,-2.496,27.51,61.4,-1.996,28.41,81.6,-3.5,25.7,112.3,-6999,-6999,0,-6999,-6999,0
100,2013,126,600,14.02,-1.992,28.41,119.5,-2.996,26.61,121.7,-1.992,28.41,79.5,-1.996,28.41,183.7,-1.992,28.41,133.4,-1.992,28.41,61.4,-1.496,29.31,81.7,-3.487,25.72,112,-6999,-6999,0,-6999,-6999,0
100,2013,126,700,14,-.983,30.23,119.6,-2.483,27.53,115.8,-.983,30.23,79.3,-1.479,29.34,183.4,-.983,30.23,133.8,-.983,30.23,61.8,-.983,30.23,81.6,-1.983,28.43,111.9,-6999,-6999,0,-6999,-6999,0
100,2013,126,800,13.97,1.025,33.85,120,-.479,31.14,123.6,1.029,33.85,82.7,1.017,33.83,183.7,1.017,33.83,107,1.021,33.84,62.3,1.021,33.84,81.8,.021,32.04,111.8,-6999,-6999,0,-6999,-6999,0
100,2013,126,900,13.93,4.029,39.25,119.2,2.05,35.69,124.9,4.521,40.14,82.2,3.029,37.45,184.1,3.046,37.48,105.9,3.521,38.34,60.8,3.521,38.34,81.4,2.533,36.56,111.4,-6999,-6999,0,-6999,-6999,0
100,2013,126,1000,13.9,7.49,45.49,117.9,7.98,46.37,123.4,6.992,44.59,81,6.492,43.69,184.5,8.48,47.26,105.2,5.996,42.79,65.4,5.996,42.79,81.5,6.487,43.68,111,-6999,-6999,0,-6999,-6999,0
100,2013,126,1100,13.89,6.487,43.68,117.9,5.979,42.76,124.1,5.992,42.78,81.3,5.492,41.88,184.2,5.987,42.78,105,5.492,41.88,63.7,5.492,41.88,81.2,4.987,40.98,109.8,-6999,-6999,0,-6999,-6999,0
100,2013,126,1200,13.88,5.012,41.02,117.9,3.512,38.32,124,5.008,41.01,81.5,4.512,40.12,184.1,4.512,40.12,104.9,4.512,40.12,63.6,4.517,40.13,81,3.521,38.34,109.2,-6999,-6999,0,-6999,-6999,0
100,2013,126,1300,13.86,6.517,43.73,117.5,5.017,41.03,123.2,6.021,42.84,81,6.012,42.82,184.4,6.017,42.83,104.1,6.017,42.83,64.4,6.508,43.72,80.8,6.012,42.82,108.6,-6999,-6999,0,-6999,-6999,0
100,2013,126,1400,13.84,8.5,47.29,117.6,6.996,44.59,122.7,8.5,47.29,81.1,7.5,45.51,184.6,8,46.4,103.1,8,46.4,62.2,7.5,45.5,80.4,7.49,45.49,109.2,-6999,-6999,0,-6999,-6999,0
100,2013,126,1500,13.83,7.99,46.38,117,6.487,43.68,121.8,7.99,46.38,80.4,7.98,46.37,184.8,7.98,46.37,103.4,7.98,46.37,63.6,7.49,45.48,80.1,6.487,43.68,109.1,-6999,-6999,0,-6999,-6999,0
100,2013,126,1600,13.84,6.483,43.67,116.5,4.987,40.98,121.7,6.487,43.68,80.1,5.987,42.78,184.6,5.987,42.78,103,5.987,42.78,63.4,5.987,42.78,79.9,4.987,40.98,109,-6999,-6999,0,-6999,-6999,0
100,2013,126,1700,13.86,4.496,40.09,116.6,3.492,38.29,122,4.992,40.99,79.9,4.492,40.09,184.7,4.496,40.09,102.5,4.496,40.09,60.2,4.492,40.09,79.7,3.496,38.29,109,-6999,-6999,0,-6999,-6999,0
100,2013,126,1800,13.87,3.996,39.19,116.7,2.496,36.49,121.9,3.996,39.19,80.2,3.5,38.3,184.7,3.992,39.18,102.1,3.992,39.18,61.1,3.496,38.29,79.7,2.992,37.38,107.7,-6999,-6999,0,-6999,-6999,0
100,2013,126,1900,13.89,3.483,38.27,116.8,1.987,35.58,121.6,3.483,38.27,80.4,3.483,38.27,184.4,2.987,37.38,133,2.987,37.38,60.2,2.987,37.38,79.7,1.987,35.58,108.2,-6999,-6999,0,-6999,-6999,0
100,2013,126,2000,13.92,1.492,34.68,116.6,.492,32.88,121.4,1.496,34.69,80.1,1.492,34.68,184.2,1.492,34.68,102.1,1.492,34.68,60.3,1.496,34.69,79.6,.492,32.88,108.4,-6999,-6999,0,-6999,-6999,0
100,2013,126,2100,13.93,.5,32.9,116.6,-.504,31.09,121.5,.996,33.79,80.3,.5,32.9,183.9,.5,32.9,102.1,.5,32.9,60.3,.996,33.79,79.5,-.504,31.09,108.5,-6999,-6999,0,-6999,-6999,0
100,2013,126,2200,13.94,.496,32.89,116.7,-1,30.2,121.5,.496,32.89,80.3,.496,32.89,183.9,.496,32.89,133.8,.496,32.89,60.3,.496,32.89,79.4,-1,30.2,108.2,-6999,-6999,0,-6999,-6999,0
100,2013,126,2300,13.95,-.004,31.99,116.3,-1.008,30.18,121.4,-.004,31.99,80,-.004,31.99,183.9,-.004,31.99,102.2,-.008,31.98,60.8,-.004,31.99,79.3,-1.004,30.19,108.3,-6999,-6999,0,-6999,-6999,0
100,2013,126,2400,13.96,-.508,31.09,116.5,-2.008,28.38,121.3,-.508,31.09,80,-.508,31.09,184,-.508,31.09,133.9,-1.004,30.19,61.1,-.504,31.09,79.2,-1.508,29.29,108.3,-6999,-6999,0,-6999,-6999,0
100,2013,127,100,13.98,-1.504,29.29,116.1,-3,26.6,121.3,-1.5,29.3,80,-1.504,29.29,183.7,-1.5,29.3,133.9,-1.504,29.29,61.2,-1.004,30.19,79.2,-2.504,27.49,108.4,-6999,-6999,0,-6999,-6999,0
100,2013,127,200,14,-1.983,28.43,116.2,-2.992,26.62,121.4,-1.492,29.32,80,-1.987,28.42,183.6,-1.492,29.32,133.9,-1.983,28.43,61.3,-1.487,29.32,79.1,-2.987,26.62,108.3,-6999,-6999,0,-6999,-6999,0
100,2013,127,300,13.98,.004,32.01,116.1,-1.992,28.41,121.2,-.492,31.12,80,-.492,31.12,183.2,-.492,31.12,133.8,.004,32.01,61.8,.004,32.01,79.2,-1.492,29.32,108.1,-6999,-6999,0,-6999,-6999,0
100,2013,127,400,13.98,.5,32.9,116.1,-1,30.2,121.2,.5,32.9,80,.5,32.9,183.2,.5,32.9,102.1,.5,32.9,62.1,.5,32.9,79.2,-.504,31.09,108.2,-6999,-6999,0,-6999,-6999,0
100,2013,127,500,13.97,.504,32.91,116,-.996,30.21,121.1,.504,32.91,79.6,.504,32.91,183.1,.504,32.91,102.1,.504,32.91,61.7,.504,32.91,78.8,-.992,30.21,108,-6999,-6999,0,-6999,-6999,0
100,2013,127,600,13.96,1,33.8,116,-.5,31.1,121.1,1,33.8,79.6,1,33.8,182.8,1,33.8,101.5,1,33.8,61.7,1,33.8,79.1,0,32,108,-6999,-6999,0,-6999,-6999,0
100,2013,127,700,13.96,1.004,33.81,115.9,-.492,31.12,120.6,1.004,33.81,79.5,1.004,33.81,183.1,1.004,33.81,101.5,1.004,33.81,61.7,1.004,33.81,79,.004,32.01,107.9,-6999,-6999,0,-6999,-6999,0
100,2013,127,800,13.93,1.521,34.74,115.8,.517,32.93,120.8,1.521,34.74,79.3,1.517,34.73,184.3,1.517,34.73,101.8,1.517,34.73,61.5,1.517,34.73,79,.517,32.93,108.8,-6999,-6999,0,-6999,-6999,0
100,2013,127,900,13.9,4.017,39.23,115.8,2.533,36.56,120.4,4.017,39.23,79.5,3.517,38.33,184.5,3.521,38.34,101.5,3.517,38.33,61.1,3.517,38.33,78.3,2.525,36.54,108.2,-6999,-6999,0,-6999,-6999,0
100,2013,127,1000,13.86,6.008,42.81,115.1,6.508,43.72,119.1,6.012,42.82,78.9,5.508,41.91,184.7,6.012,42.82,101.4,5.517,41.93,61.1,5.508,41.91,78.7,5.512,41.92,106.9,-6999,-6999,0,-6999,-6999,0
100,2013,127,1100,13.76,7.02,44.64,114.5,7.52,45.53,119.3,7.52,45.54,77.7,6.529,43.75,184.5,7.51,45.52,100.2,7.52,45.53,60.5,6.529,43.75,77.9,7.03,44.66,105.5,-6999,-6999,0,-6999,-6999,0
100,2013,127,1200,13.73,9.5,49.11,113.4,9.49,49.09,118.7,10,50,77.4,10,50,184.7,9.02,48.25,99.3,9.5,49.09,61.1,10,50.01,76.3,10.99,51.78,103.8,-6999,-6999,0,-6999,-6999,0
100,2013,127,1300,13.74,10,50,112.5,8.5,47.3,118.4,10,49.99,77.8,10,49.99,184.3,11.98,53.56,98.7,9,48.2,172.4,10.49,50.88,76.3,9.5,49.09,103.6,-6999,-6999,0,-6999,-6999,0